0, 140, 302
0, 144, 2
0, 384, 2
0, 140, 244
0, 386, 126
0, 102340, 2
0, 512, 64
0, 11348, 140
0, 23714, 26
0, 23744, 18
0, 31106, 74
0, 39396, 40
0, 45170, 52
0, 51482, 62
0, 58346, 44
0, 58404, 32
0, 58390, 14
0, 58436, 28
0, 70824, 18
0, 81580, 34
0, 576, 64
0, 102344, 1
1, 102344, 1
0, 640, 4512
1, 102344, 3787
0, 106131, 1
1, 106131, 1
0, 102344, 1
1, 102344, 1
0, 5152, 3040
1, 102344, 311
0, 102655, 1
1, 102655, 1
0, 8192, 128
1, 102654, 88
0, 102742, 1
1, 102742, 1
0, 8320, 192
1, 102742, 114
0, 8512, 64
1, 102856, 74
0, 8576, 128
1, 102928, 189
0, 103117, 1
1, 103117, 1
0, 8704, 192
1, 103116, 78
0, 8896, 64
1, 103192, 92
0, 103284, 1
1, 103284, 1
0, 8960, 64
1, 103284, 109
0, 9024, 256
1, 103392, 191
0, 103583, 1
1, 103583, 1
0, 9280, 128
1, 103582, 54
0, 9408, 64
1, 103634, 113
0, 9472, 128
1, 103746, 62
0, 9600, 256
1, 103806, 181
0, 103987, 1
1, 103987, 1
0, 9856, 256
1, 103986, 210
0, 104196, 1
1, 104196, 1
0, 10112, 128
1, 104196, 81
0, 104277, 1
1, 104277, 1
0, 10240, 192
1, 104276, 75
0, 104351, 1
1, 104351, 1
0, 10432, 64
1, 104350, 121
0, 104471, 1
1, 104471, 1
0, 10496, 64
1, 104470, 107
0, 104577, 1
1, 104577, 1
1, 104576, 109
0, 104685, 1
1, 104685, 1
0, 10560, 128
1, 104684, 95
0, 10688, 256
1, 104778, 83
0, 104861, 1
1, 104861, 1
0, 10944, 128
1, 104860, 48
0, 104908, 1
1, 104908, 1
0, 11072, 64
1, 104908, 135
0, 11136, 212
0, 11488, 96
1, 105042, 176
0, 105218, 1
1, 105218, 1
0, 11584, 384
1, 105218, 131
0, 105349, 1
1, 105349, 1
0, 11968, 64
1, 105348, 32
0, 12032, 64
1, 105380, 112
0, 12096, 320
1, 105490, 278
0, 105768, 1
1, 105768, 1
0, 12416, 192
1, 105768, 149
0, 105917, 1
1, 105917, 1
0, 12608, 64
1, 105916, 131
0, 12672, 192
1, 106046, 228
0, 106274, 1
1, 106274, 1
0, 12864, 64
1, 106274, 137
0, 106411, 1
1, 106411, 1
0, 12928, 64
1, 106410, 121
0, 106531, 1
1, 106531, 1
0, 12992, 192
1, 106530, 39
0, 106569, 1
1, 106569, 1
0, 13184, 128
1, 106568, 89
0, 13312, 192
1, 106656, 89
0, 106745, 1
1, 106745, 1
0, 13504, 512
1, 106744, 238
0, 14016, 128
1, 106980, 109
0, 107089, 1
1, 107089, 1
0, 14144, 128
1, 107088, 130
0, 107218, 1
1, 107218, 1
0, 14272, 320
1, 107218, 260
0, 107478, 1
1, 107478, 1
0, 14592, 192
1, 107478, 119
0, 107597, 1
1, 107597, 1
0, 14784, 64
1, 107596, 161
0, 107757, 1
1, 107757, 1
0, 14848, 320
1, 107756, 271
0, 108027, 1
1, 108027, 1
0, 15168, 448
1, 108026, 249
0, 108275, 1
1, 108275, 1
0, 15616, 192
1, 108274, 143
0, 108417, 1
1, 108417, 1
0, 15808, 256
1, 108416, 109
0, 108525, 1
1, 108525, 1
0, 16064, 192
1, 108524, 108
0, 108632, 1
1, 108632, 1
0, 16256, 448
1, 108632, 351
0, 108983, 1
1, 108983, 1
0, 16704, 256
1, 108982, 332
0, 16960, 128
1, 109312, 259
0, 17088, 320
1, 109570, 227
0, 109797, 1
1, 109797, 1
0, 17408, 256
1, 109796, 110
0, 109906, 1
1, 109906, 1
0, 17664, 256
1, 109906, 94
0, 110000, 1
1, 110000, 1
0, 17920, 128
1, 110000, 106
0, 110106, 1
1, 110106, 1
0, 18048, 192
1, 110106, 118
0, 110224, 1
1, 110224, 1
0, 18240, 128
1, 110224, 100
0, 110324, 1
1, 110324, 1
0, 18368, 192
1, 110324, 331
0, 110655, 1
1, 110655, 1
1, 110654, 143
0, 18560, 256
1, 110796, 32
0, 18816, 64
1, 110828, 248
0, 18880, 256
1, 111074, 189
0, 111263, 1
1, 111263, 1
0, 19136, 128
1, 111262, 76
0, 111338, 1
1, 111338, 1
0, 19264, 192
1, 111338, 241
0, 111579, 1
1, 111579, 1
0, 19456, 256
1, 111578, 180
0, 111758, 1
1, 111758, 1
0, 19712, 128
1, 111758, 69
0, 111827, 1
1, 111827, 1
0, 19840, 192
1, 111826, 96
0, 20032, 384
1, 111920, 83
0, 112003, 1
1, 112003, 1
1, 112002, 99
0, 20416, 128
1, 112100, 102
0, 112202, 1
1, 112202, 1
0, 20544, 256
1, 112202, 297
0, 112499, 1
1, 112499, 1
0, 20800, 64
1, 112498, 214
0, 112712, 1
1, 112712, 1
0, 20864, 256
1, 112712, 158
0, 112870, 1
1, 112870, 1
0, 21120, 256
1, 112870, 120
0, 112990, 1
1, 112990, 1
1, 112990, 80
0, 113070, 1
1, 113070, 1
1, 113070, 104
1, 113172, 107
0, 21376, 64
1, 113278, 214
0, 21440, 128
1, 113490, 90
0, 113580, 1
1, 113580, 1
0, 21568, 64
1, 113580, 17
0, 113597, 1
1, 113597, 1
0, 21632, 64
1, 113596, 86
0, 113682, 1
1, 113682, 1
0, 21696, 128
1, 113682, 60
0, 113742, 1
1, 113742, 1
0, 21824, 320
1, 113742, 134
0, 22144, 64
1, 113874, 214
0, 114088, 1
1, 114088, 1
0, 22208, 192
1, 114088, 145
0, 114233, 1
1, 114233, 1
0, 22400, 128
1, 114232, 128
0, 114360, 1
1, 114360, 1
0, 22528, 64
1, 114360, 100
0, 114460, 1
1, 114460, 1
0, 22592, 576
1, 114460, 224
0, 23168, 192
1, 114682, 180
0, 114862, 1
1, 114862, 1
0, 23360, 128
1, 114862, 68
0, 114930, 1
1, 114930, 1
0, 23488, 192
1, 114930, 152
0, 115082, 1
1, 115082, 1
0, 23680, 64
0, 23762, 110
1, 115082, 62
0, 23872, 64
1, 115144, 34
0, 23936, 64
1, 115176, 111
0, 115287, 1
1, 115287, 1
1, 115286, 104
0, 24000, 64
1, 115388, 144
0, 115532, 1
1, 115532, 1
0, 24064, 128
1, 115532, 115
0, 115647, 1
1, 115647, 1
0, 24192, 64
1, 115646, 28
0, 115674, 1
1, 115674, 1
0, 24256, 64
1, 115674, 57
0, 115731, 1
1, 115731, 1
0, 24320, 128
1, 115730, 32
0, 24448, 64
1, 115762, 95
0, 115857, 1
1, 115857, 1
0, 24512, 320
1, 115856, 99
0, 115955, 1
1, 115955, 1
0, 24832, 192
1, 115954, 213
0, 116167, 1
1, 116167, 1
0, 25024, 64
1, 116166, 32
0, 25088, 64
1, 116198, 79
0, 116277, 1
1, 116277, 1
0, 25152, 128
1, 116276, 85
0, 116361, 1
1, 116361, 1
0, 25280, 128
1, 116360, 72
0, 116432, 1
1, 116432, 1
1, 116432, 104
0, 116536, 1
1, 116536, 1
0, 25408, 64
1, 116536, 72
0, 116608, 1
1, 116608, 1
0, 25472, 64
1, 116608, 65
0, 25536, 256
1, 116672, 103
0, 25792, 64
1, 116774, 66
0, 116840, 1
1, 116840, 1
0, 25856, 192
1, 116840, 77
0, 116917, 1
1, 116917, 1
0, 26048, 128
1, 116916, 64
0, 116980, 1
1, 116980, 1
0, 26176, 256
1, 116980, 153
0, 117133, 1
1, 117133, 1
0, 26432, 128
1, 117132, 120
0, 26560, 64
1, 117250, 74
0, 117324, 1
1, 117324, 1
0, 26624, 128
1, 117324, 98
0, 117422, 1
1, 117422, 1
0, 26752, 64
1, 117422, 108
0, 117530, 1
1, 117530, 1
0, 26816, 192
1, 117530, 147
0, 117677, 1
1, 117677, 1
0, 27008, 64
1, 117676, 74
0, 27072, 64
1, 117748, 75
0, 117823, 1
1, 117823, 1
0, 27136, 192
1, 117822, 126
0, 117948, 1
1, 117948, 1
0, 27328, 64
1, 117948, 55
0, 27392, 64
1, 118002, 51
0, 118053, 1
1, 118053, 1
0, 27456, 128
1, 118052, 123
0, 118175, 1
1, 118175, 1
0, 27584, 128
1, 118174, 66
0, 118240, 1
1, 118240, 1
0, 27712, 128
1, 118240, 43
0, 118283, 1
1, 118283, 1
0, 27840, 64
1, 118282, 63
0, 118345, 1
1, 118345, 1
0, 27904, 128
1, 118344, 56
0, 118400, 1
1, 118400, 1
0, 28032, 192
1, 118400, 105
0, 118505, 1
1, 118505, 1
0, 28224, 64
1, 118504, 94
0, 118598, 1
1, 118598, 1
0, 28288, 128
1, 118598, 32
0, 28416, 64
1, 118630, 36
0, 28480, 192
1, 118664, 135
0, 28672, 192
1, 118798, 105
0, 118903, 1
1, 118903, 1
0, 28864, 64
1, 118902, 76
0, 118978, 1
1, 118978, 1
0, 28928, 64
1, 118978, 32
0, 28992, 64
1, 119010, 32
0, 119042, 1
1, 119042, 1
0, 29056, 128
1, 119042, 116
0, 119158, 1
1, 119158, 1
0, 29184, 64
1, 119158, 43
0, 29248, 128
1, 119200, 50
0, 29376, 64
1, 119248, 58
0, 119306, 1
1, 119306, 1
0, 29440, 192
1, 119306, 66
0, 119372, 1
1, 119372, 1
0, 29632, 128
1, 119372, 60
0, 119432, 1
1, 119432, 1
0, 29760, 64
1, 119432, 83
0, 119515, 1
1, 119515, 1
0, 29824, 128
1, 119514, 100
0, 119614, 1
1, 119614, 1
0, 29952, 128
1, 119614, 99
0, 119713, 1
1, 119713, 1
0, 30080, 128
1, 119712, 101
0, 119813, 1
1, 119813, 1
0, 30208, 192
1, 119812, 155
0, 119967, 1
1, 119967, 1
0, 30400, 64
1, 119966, 70
0, 120036, 1
1, 120036, 1
0, 30464, 128
1, 120036, 95
0, 120131, 1
1, 120131, 1
0, 30592, 64
1, 120130, 92
0, 30656, 192
1, 120220, 123
0, 30848, 128
1, 120342, 135
0, 120477, 1
1, 120477, 1
0, 30976, 130
0, 31180, 180
1, 120476, 83
1, 120558, 44
0, 120602, 1
1, 120602, 1
1, 120602, 96
0, 120698, 1
1, 120698, 1
0, 31360, 128
1, 120698, 71
0, 120769, 1
1, 120769, 1
0, 31488, 512
1, 120768, 178
0, 32000, 320
1, 120944, 253
0, 121197, 1
1, 121197, 1
1, 121196, 134
0, 32320, 192
1, 121328, 121
1, 121448, 123
0, 121571, 1
1, 121571, 1
0, 32512, 128
1, 121570, 146
0, 121716, 1
1, 121716, 1
0, 32640, 256
1, 121716, 123
0, 121839, 1
1, 121839, 1
0, 32896, 64
1, 121838, 99
0, 32960, 192
1, 121936, 127
0, 122063, 1
1, 122063, 1
0, 33152, 256
1, 122062, 146
0, 122208, 1
1, 122208, 1
0, 33408, 256
1, 122208, 193
0, 122401, 1
1, 122401, 1
0, 33664, 128
1, 122400, 56
0, 122456, 1
1, 122456, 1
0, 33792, 192
1, 122456, 163
0, 122619, 1
1, 122619, 1
0, 33984, 192
1, 122618, 53
1, 122670, 64
0, 122734, 1
1, 122734, 1
0, 34176, 64
1, 122734, 64
0, 122798, 1
1, 122798, 1
0, 34240, 128
1, 122798, 83
0, 122881, 1
1, 122881, 1
1, 122880, 52
0, 122932, 1
1, 122932, 1
0, 34368, 64
1, 122932, 65
0, 122997, 1
1, 122997, 1
0, 34432, 64
1, 122996, 78
0, 123074, 1
1, 123074, 1
0, 34496, 448
1, 123074, 109
0, 123183, 1
1, 123183, 1
0, 34944, 128
1, 123182, 85
0, 123267, 1
1, 123267, 1
0, 35072, 64
1, 123266, 70
0, 35136, 64
1, 123336, 26
0, 35200, 256
1, 123360, 151
0, 123511, 1
1, 123511, 1
0, 35456, 128
1, 123510, 167
0, 123677, 1
1, 123677, 1
0, 35584, 192
1, 123676, 74
0, 35776, 320
1, 123748, 167
0, 123915, 1
1, 123915, 1
0, 36096, 128
1, 123914, 99
0, 124013, 1
1, 124013, 1
0, 36224, 128
1, 124012, 94
0, 124106, 1
1, 124106, 1
0, 36352, 64
1, 124106, 96
0, 36416, 448
1, 124200, 171
0, 124371, 1
1, 124371, 1
0, 36864, 64
1, 124370, 92
0, 124462, 1
1, 124462, 1
0, 36928, 64
1, 124462, 103
0, 124565, 1
1, 124565, 1
0, 36992, 128
1, 124564, 94
0, 124658, 1
1, 124658, 1
0, 37120, 64
1, 124658, 82
0, 124740, 1
1, 124740, 1
0, 37184, 64
1, 124740, 79
0, 124819, 1
1, 124819, 1
0, 37248, 64
1, 124818, 90
0, 37312, 192
1, 124906, 164
0, 125070, 1
1, 125070, 1
0, 37504, 64
1, 125070, 85
0, 125155, 1
1, 125155, 1
0, 37568, 64
1, 125154, 74
0, 37632, 192
1, 125226, 94
0, 37824, 64
1, 125318, 138
0, 125456, 1
1, 125456, 1
0, 37888, 128
1, 125456, 45
0, 125501, 1
1, 125501, 1
0, 38016, 320
1, 125500, 124
0, 38336, 128
1, 125622, 50
0, 125672, 1
1, 125672, 1
0, 38464, 192
1, 125672, 41
0, 125713, 1
1, 125713, 1
0, 38656, 64
1, 125712, 124
0, 125836, 1
1, 125836, 1
0, 38720, 64
1, 125836, 94
0, 125930, 1
1, 125930, 1
0, 38784, 192
1, 125930, 54
0, 125984, 1
1, 125984, 1
0, 38976, 320
1, 125984, 302
0, 126286, 1
1, 126286, 1
0, 39296, 64
1, 126286, 125
0, 39360, 36
1, 126410, 104
0, 126514, 1
1, 126514, 1
0, 39436, 52
1, 126514, 82
0, 39488, 64
1, 126594, 56
0, 126650, 1
1, 126650, 1
0, 39552, 128
1, 126650, 21
0, 126671, 1
1, 126671, 1
0, 39680, 64
1, 126670, 57
0, 126727, 1
1, 126727, 1
0, 39744, 192
1, 126726, 124
0, 126850, 1
1, 126850, 1
0, 39936, 64
1, 126850, 43
0, 126893, 1
1, 126893, 1
0, 40000, 64
1, 126892, 47
0, 40064, 64
1, 126938, 89
0, 127027, 1
1, 127027, 1
0, 40128, 128
1, 127026, 71
0, 127097, 1
1, 127097, 1
0, 40256, 192
1, 127096, 177
0, 127273, 1
1, 127273, 1
0, 40448, 256
1, 127272, 150
0, 127422, 1
1, 127422, 1
0, 40704, 64
1, 127422, 79
0, 127501, 1
1, 127501, 1
0, 40768, 128
1, 127500, 133
0, 127633, 1
1, 127633, 1
0, 40896, 320
1, 127632, 105
0, 127737, 1
1, 127737, 1
1, 127736, 108
0, 127844, 1
1, 127844, 1
0, 41216, 256
1, 127844, 97
0, 127941, 1
1, 127941, 1
1, 127940, 110
0, 128050, 1
1, 128050, 1
0, 41472, 128
1, 128050, 40
0, 128090, 1
1, 128090, 1
0, 41600, 128
1, 128090, 98
0, 128188, 1
1, 128188, 1
0, 41728, 128
1, 128188, 106
0, 41856, 64
1, 128292, 32
0, 41920, 64
1, 128324, 65
0, 128389, 1
1, 128389, 1
0, 41984, 128
1, 128388, 166
0, 128554, 1
1, 128554, 1
0, 42112, 64
1, 128554, 71
0, 128625, 1
1, 128625, 1
0, 42176, 192
1, 128624, 38
0, 128662, 1
1, 128662, 1
0, 42368, 192
1, 128662, 117
0, 128779, 1
1, 128779, 1
0, 42560, 192
1, 128778, 92
0, 128870, 1
1, 128870, 1
0, 42752, 384
1, 128870, 181
0, 43136, 128
1, 129050, 138
0, 43264, 128
1, 129186, 252
0, 43392, 128
1, 129436, 124
0, 129560, 1
1, 129560, 1
0, 43520, 128
1, 129560, 32
0, 43648, 64
1, 129592, 84
0, 129676, 1
1, 129676, 1
0, 43712, 128
1, 129676, 103
0, 43840, 64
1, 129778, 62
0, 129840, 1
1, 129840, 1
0, 43904, 192
1, 129840, 110
0, 129950, 1
1, 129950, 1
0, 44096, 64
1, 129950, 57
0, 130007, 1
1, 130007, 1
0, 44160, 128
1, 130006, 84
0, 130090, 1
1, 130090, 1
0, 44288, 192
1, 130090, 127
0, 130217, 1
1, 130217, 1
0, 44480, 128
1, 130216, 119
0, 130335, 1
1, 130335, 1
0, 44608, 64
1, 130334, 78
0, 130412, 1
1, 130412, 1
0, 44672, 256
1, 130412, 139
1, 130550, 46
0, 130596, 1
1, 130596, 1
0, 44928, 128
1, 130596, 68
0, 45056, 114
1, 130662, 170
0, 130832, 1
1, 130832, 1
0, 45222, 90
1, 130832, 81
0, 130913, 1
1, 130913, 1
0, 45312, 64
1, 130912, 41
0, 45376, 192
1, 130952, 80
0, 131032, 1
1, 131032, 1
0, 45568, 64
1, 131032, 49
0, 131081, 1
1, 131081, 1
0, 45632, 64
1, 131080, 98
0, 131178, 1
1, 131178, 1
0, 45696, 192
1, 131178, 83
0, 131261, 1
1, 131261, 1
0, 45888, 64
1, 131260, 50
0, 131310, 1
1, 131310, 1
0, 45952, 128
1, 131310, 90
0, 131400, 1
1, 131400, 1
0, 46080, 128
1, 131400, 77
0, 131477, 1
1, 131477, 1
0, 46208, 128
1, 131476, 50
0, 46336, 64
1, 131524, 134
0, 46400, 128
1, 131656, 104
0, 131760, 1
1, 131760, 1
0, 46528, 64
1, 131760, 88
0, 131848, 1
1, 131848, 1
0, 46592, 128
1, 131848, 91
0, 131939, 1
1, 131939, 1
0, 46720, 192
1, 131938, 76
0, 46912, 128
1, 132012, 58
0, 47040, 192
1, 132068, 61
0, 47232, 64
1, 132128, 107
0, 132235, 1
1, 132235, 1
0, 47296, 64
1, 132234, 53
0, 132287, 1
1, 132287, 1
0, 47360, 128
1, 132286, 128
0, 132414, 1
1, 132414, 1
0, 47488, 64
1, 132414, 55
0, 132469, 1
1, 132469, 1
0, 47552, 128
1, 132468, 87
0, 132555, 1
1, 132555, 1
0, 47680, 128
1, 132554, 49
0, 47808, 128
1, 132602, 93
0, 132695, 1
1, 132695, 1
0, 47936, 128
1, 132694, 117
0, 48064, 64
1, 132810, 33
0, 132843, 1
1, 132843, 1
0, 48128, 64
1, 132842, 66
0, 48192, 64
1, 132906, 51
0, 132957, 1
1, 132957, 1
0, 48256, 64
1, 132956, 114
0, 48320, 128
1, 133068, 49
0, 133117, 1
1, 133117, 1
0, 48448, 64
1, 133116, 40
0, 133156, 1
1, 133156, 1
0, 48512, 64
1, 133156, 88
0, 133244, 1
1, 133244, 1
0, 48576, 128
1, 133244, 65
0, 133309, 1
1, 133309, 1
0, 48704, 128
1, 133308, 38
0, 48832, 128
1, 133344, 69
0, 48960, 128
1, 133412, 154
0, 49088, 64
1, 133564, 58
0, 133622, 1
1, 133622, 1
0, 49152, 128
1, 133622, 23
0, 49280, 192
1, 133644, 190
0, 133834, 1
1, 133834, 1
0, 49472, 64
1, 133834, 100
0, 133934, 1
1, 133934, 1
0, 49536, 192
1, 133934, 77
0, 134011, 1
1, 134011, 1
0, 49728, 64
1, 134010, 87
0, 134097, 1
1, 134097, 1
0, 49792, 128
1, 134096, 161
0, 134257, 1
1, 134257, 1
0, 49920, 256
1, 134256, 117
0, 134373, 1
1, 134373, 1
0, 50176, 64
1, 134372, 57
0, 134429, 1
1, 134429, 1
0, 50240, 64
1, 134428, 67
0, 134495, 1
1, 134495, 1
0, 50304, 64
1, 134494, 60
0, 134554, 1
1, 134554, 1
0, 50368, 64
1, 134554, 56
0, 134610, 1
1, 134610, 1
0, 50432, 128
1, 134610, 86
0, 134696, 1
1, 134696, 1
0, 50560, 64
1, 134696, 69
0, 134765, 1
1, 134765, 1
0, 50624, 128
1, 134764, 83
0, 134847, 1
1, 134847, 1
0, 50752, 128
1, 134846, 50
1, 134894, 65
0, 134959, 1
1, 134959, 1
0, 50880, 64
1, 134958, 44
0, 135002, 1
1, 135002, 1
0, 50944, 64
1, 135002, 48
0, 51008, 64
1, 135048, 32
0, 51072, 64
1, 135080, 14
0, 135094, 1
1, 135094, 1
0, 51136, 128
1, 135094, 72
0, 135166, 1
1, 135166, 1
0, 51264, 64
1, 135166, 68
0, 135234, 1
1, 135234, 1
0, 51328, 128
1, 135234, 87
0, 135321, 1
1, 135321, 1
1, 135320, 90
0, 135410, 1
1, 135410, 1
0, 51456, 26
1, 135410, 56
0, 135466, 1
1, 135466, 1
0, 51544, 40
1, 135466, 55
0, 135521, 1
1, 135521, 1
0, 51584, 128
1, 135520, 44
0, 135564, 1
1, 135564, 1
0, 51712, 64
1, 135564, 18
0, 51776, 192
1, 135580, 130
0, 135710, 1
1, 135710, 1
0, 51968, 64
1, 135710, 80
0, 135790, 1
1, 135790, 1
0, 52032, 128
1, 135790, 38
0, 135828, 1
1, 135828, 1
0, 52160, 256
1, 135828, 56
0, 135884, 1
1, 135884, 1
0, 52416, 64
1, 135884, 122
0, 136006, 1
1, 136006, 1
0, 52480, 128
1, 136006, 132
0, 52608, 64
1, 136136, 113
0, 52672, 64
1, 136248, 107
0, 52736, 64
1, 136354, 84
0, 136438, 1
1, 136438, 1
0, 52800, 256
1, 136438, 130
0, 136568, 1
1, 136568, 1
0, 53056, 64
1, 136568, 79
0, 136647, 1
1, 136647, 1
0, 53120, 128
1, 136646, 77
0, 53248, 128
1, 136722, 56
0, 136778, 1
1, 136778, 1
0, 53376, 128
1, 136778, 93
0, 136871, 1
1, 136871, 1
0, 53504, 192
1, 136870, 92
0, 136962, 1
1, 136962, 1
0, 53696, 128
1, 136962, 72
0, 137034, 1
1, 137034, 1
0, 53824, 64
1, 137034, 87
0, 137121, 1
1, 137121, 1
0, 53888, 64
1, 137120, 110
0, 137230, 1
1, 137230, 1
0, 53952, 128
1, 137230, 145
0, 137375, 1
1, 137375, 1
0, 54080, 128
1, 137374, 45
0, 137419, 1
1, 137419, 1
0, 54208, 64
1, 137418, 108
0, 137526, 1
1, 137526, 1
0, 54272, 64
1, 137526, 56
0, 137582, 1
1, 137582, 1
0, 54336, 128
1, 137582, 60
0, 137642, 1
1, 137642, 1
0, 54464, 128
1, 137642, 48
0, 137690, 1
1, 137690, 1
0, 54592, 64
1, 137690, 76
0, 54656, 128
1, 137764, 89
0, 137853, 1
1, 137853, 1
0, 54784, 128
1, 137852, 67
0, 137919, 1
1, 137919, 1
0, 54912, 256
1, 137918, 161
0, 138079, 1
1, 138079, 1
0, 55168, 128
1, 138078, 65
0, 138143, 1
1, 138143, 1
0, 55296, 64
1, 138142, 82
0, 55360, 64
1, 138222, 104
0, 138326, 1
1, 138326, 1
0, 55424, 192
1, 138326, 89
0, 138415, 1
1, 138415, 1
1, 138414, 62
0, 138476, 1
1, 138476, 1
0, 55616, 64
1, 138476, 107
0, 138583, 1
1, 138583, 1
0, 55680, 128
1, 138582, 80
0, 138662, 1
1, 138662, 1
0, 55808, 128
1, 138662, 65
0, 138727, 1
1, 138727, 1
0, 55936, 320
1, 138726, 146
0, 138872, 1
1, 138872, 1
0, 56256, 256
1, 138872, 67
0, 138939, 1
1, 138939, 1
0, 56512, 64
1, 138938, 76
0, 139014, 1
1, 139014, 1
0, 56576, 64
1, 139014, 73
0, 139087, 1
1, 139087, 1
0, 56640, 128
1, 139086, 113
0, 56768, 192
1, 139198, 80
0, 139278, 1
1, 139278, 1
0, 56960, 128
1, 139278, 94
0, 139372, 1
1, 139372, 1
0, 57088, 128
1, 139372, 61
0, 139433, 1
1, 139433, 1
0, 57216, 128
1, 139432, 66
0, 139498, 1
1, 139498, 1
0, 57344, 192
1, 139498, 203
0, 57536, 192
1, 139700, 47
0, 139747, 1
1, 139747, 1
0, 57728, 64
1, 139746, 80
0, 57792, 64
1, 139824, 42
0, 139866, 1
1, 139866, 1
0, 57856, 64
1, 139866, 101
0, 139967, 1
1, 139967, 1
0, 57920, 128
1, 139966, 67
0, 140033, 1
1, 140033, 1
0, 58048, 192
1, 140032, 80
0, 140112, 1
1, 140112, 1
0, 58240, 106
1, 140112, 76
1, 140186, 102
0, 140288, 1
1, 140288, 1
0, 58464, 288
1, 140288, 207
0, 58752, 64
1, 140494, 120
0, 58816, 64
1, 140612, 47
0, 140659, 1
1, 140659, 1
0, 58880, 192
1, 140658, 42
0, 140700, 1
1, 140700, 1
0, 59072, 320
1, 140700, 61
0, 140761, 1
1, 140761, 1
0, 59392, 128
1, 140760, 45
0, 140805, 1
1, 140805, 1
0, 59520, 256
1, 140804, 78
0, 140882, 1
1, 140882, 1
0, 59776, 64
1, 140882, 125
0, 59840, 128
1, 141006, 158
0, 141164, 1
1, 141164, 1
0, 59968, 256
1, 141164, 212
0, 141376, 1
1, 141376, 1
0, 60224, 192
1, 141376, 118
0, 141494, 1
1, 141494, 1
0, 60416, 64
1, 141494, 86
0, 60480, 64
1, 141578, 103
0, 141681, 1
1, 141681, 1
0, 60544, 192
1, 141680, 124
0, 60736, 128
1, 141802, 80
0, 141882, 1
1, 141882, 1
0, 60864, 128
1, 141882, 91
0, 141973, 1
1, 141973, 1
0, 60992, 128
1, 141972, 54
0, 142026, 1
1, 142026, 1
0, 61120, 64
1, 142026, 125
0, 142151, 1
1, 142151, 1
0, 61184, 192
1, 142150, 185
0, 142335, 1
1, 142335, 1
0, 61376, 64
1, 142334, 98
0, 142432, 1
1, 142432, 1
0, 61440, 320
1, 142432, 64
0, 142496, 1
1, 142496, 1
0, 61760, 192
1, 142496, 78
0, 142574, 1
1, 142574, 1
0, 61952, 192
1, 142574, 80
0, 142654, 1
1, 142654, 1
0, 62144, 256
1, 142654, 64
0, 142718, 1
1, 142718, 1
0, 62400, 192
1, 142718, 111
0, 142829, 1
1, 142829, 1
0, 62592, 128
1, 142828, 107
0, 142935, 1
1, 142935, 1
0, 62720, 256
1, 142934, 112
0, 62976, 64
1, 143044, 331
0, 143375, 1
1, 143375, 1
1, 143374, 73
0, 63040, 64
1, 143446, 151
0, 143597, 1
1, 143597, 1
0, 63104, 128
1, 143596, 120
0, 143716, 1
1, 143716, 1
0, 63232, 64
1, 143716, 15
0, 143731, 1
1, 143731, 1
0, 63296, 256
1, 143730, 156
0, 63552, 64
1, 143884, 55
0, 143939, 1
1, 143939, 1
0, 63616, 128
1, 143938, 66
0, 144004, 1
1, 144004, 1
0, 63744, 128
1, 144004, 103
0, 144107, 1
1, 144107, 1
0, 63872, 192
1, 144106, 44
0, 144150, 1
1, 144150, 1
0, 64064, 320
1, 144150, 64
0, 144214, 1
1, 144214, 1
0, 64384, 256
1, 144214, 111
0, 144325, 1
1, 144325, 1
0, 64640, 256
1, 144324, 67
0, 144391, 1
1, 144391, 1
0, 64896, 192
1, 144390, 146
0, 65088, 256
1, 144534, 123
0, 144657, 1
1, 144657, 1
0, 65344, 256
1, 144656, 246
0, 65600, 320
1, 144900, 201
0, 145101, 1
1, 145101, 1
1, 145100, 68
0, 145168, 1
1, 145168, 1
0, 65920, 128
1, 145168, 109
0, 145277, 1
1, 145277, 1
0, 66048, 128
1, 145276, 258
0, 145534, 1
1, 145534, 1
0, 66176, 64
1, 145534, 136
0, 66240, 64
1, 145668, 133
0, 66304, 128
1, 145800, 64
0, 66432, 64
1, 145864, 10
0, 66496, 64
1, 145872, 101
0, 145973, 1
1, 145973, 1
0, 66560, 192
1, 145972, 154
0, 146126, 1
1, 146126, 1
0, 66752, 192
1, 146126, 92
0, 146218, 1
1, 146218, 1
0, 66944, 64
1, 146218, 46
0, 67008, 64
1, 146262, 115
0, 146377, 1
1, 146377, 1
0, 67072, 192
1, 146376, 110
0, 146486, 1
1, 146486, 1
0, 67264, 128
1, 146486, 93
0, 146579, 1
1, 146579, 1
0, 67392, 128
1, 146578, 80
0, 146658, 1
1, 146658, 1
0, 67520, 128
1, 146658, 70
0, 146728, 1
1, 146728, 1
0, 67648, 64
1, 146728, 115
0, 67712, 256
1, 146842, 169
0, 67968, 128
1, 147010, 95
0, 147105, 1
1, 147105, 1
0, 68096, 192
1, 147104, 67
0, 147171, 1
1, 147171, 1
0, 68288, 64
1, 147170, 109
0, 68352, 64
1, 147278, 106
0, 147384, 1
1, 147384, 1
0, 68416, 64
1, 147384, 85
0, 147469, 1
1, 147469, 1
0, 68480, 128
1, 147468, 91
0, 68608, 128
1, 147558, 76
0, 147634, 1
1, 147634, 1
0, 68736, 128
1, 147634, 74
0, 68864, 192
1, 147706, 130
0, 147836, 1
1, 147836, 1
0, 69056, 64
1, 147836, 66
0, 69120, 128
1, 147900, 88
0, 69248, 64
1, 147986, 76
0, 148062, 1
1, 148062, 1
0, 69312, 64
1, 148062, 66
0, 148128, 1
1, 148128, 1
0, 69376, 64
1, 148128, 105
0, 148233, 1
1, 148233, 1
0, 69440, 128
1, 148232, 27
0, 148259, 1
1, 148259, 1
0, 69568, 256
1, 148258, 54
0, 148312, 1
1, 148312, 1
0, 69824, 64
1, 148312, 49
0, 148361, 1
1, 148361, 1
0, 69888, 192
1, 148360, 161
0, 148521, 1
1, 148521, 1
0, 70080, 64
1, 148520, 98
0, 148618, 1
1, 148618, 1
0, 70144, 192
1, 148618, 58
0, 70336, 128
1, 148674, 55
0, 148729, 1
1, 148729, 1
0, 70464, 64
1, 148728, 88
0, 148816, 1
1, 148816, 1
0, 70528, 64
1, 148816, 101
0, 148917, 1
1, 148917, 1
0, 70592, 192
1, 148916, 89
0, 149005, 1
1, 149005, 1
0, 70784, 64
1, 149004, 74
0, 149078, 1
1, 149078, 1
0, 70848, 32
1, 149078, 64
0, 149142, 1
1, 149142, 1
0, 70880, 160
1, 149142, 188
0, 149330, 1
1, 149330, 1
0, 71040, 128
1, 149330, 53
0, 71168, 128
1, 149382, 43
0, 71296, 128
1, 149424, 173
0, 149597, 1
1, 149597, 1
0, 71424, 128
1, 149596, 114
0, 149710, 1
1, 149710, 1
0, 71552, 128
1, 149710, 39
0, 149749, 1
1, 149749, 1
0, 71680, 192
1, 149748, 59
0, 149807, 1
1, 149807, 1
1, 149806, 104
0, 149910, 1
1, 149910, 1
0, 71872, 256
1, 149910, 180
0, 72128, 128
1, 150088, 91
0, 150179, 1
1, 150179, 1
0, 72256, 64
1, 150178, 94
0, 150272, 1
1, 150272, 1
0, 72320, 192
1, 150272, 91
0, 150363, 1
1, 150363, 1
0, 72512, 64
1, 150362, 84
0, 150446, 1
1, 150446, 1
0, 72576, 64
1, 150446, 99
0, 150545, 1
1, 150545, 1
0, 72640, 128
1, 150544, 114
0, 150658, 1
1, 150658, 1
0, 72768, 64
1, 150658, 78
0, 150736, 1
1, 150736, 1
0, 72832, 192
1, 150736, 71
0, 73024, 192
1, 150806, 127
0, 73216, 64
1, 150932, 64
0, 73280, 128
1, 150994, 106
0, 151100, 1
1, 151100, 1
0, 73408, 128
1, 151100, 101
0, 151201, 1
1, 151201, 1
0, 73536, 128
1, 151200, 78
0, 73664, 64
1, 151276, 108
0, 151384, 1
1, 151384, 1
0, 73728, 192
1, 151384, 71
0, 151455, 1
1, 151455, 1
0, 73920, 64
1, 151454, 104
0, 73984, 64
1, 151556, 67
0, 151623, 1
1, 151623, 1
0, 74048, 256
1, 151622, 173
0, 151795, 1
1, 151795, 1
0, 74304, 64
1, 151794, 93
0, 151887, 1
1, 151887, 1
0, 74368, 192
1, 151886, 51
0, 74560, 192
1, 151936, 67
0, 152003, 1
1, 152003, 1
0, 74752, 64
1, 152002, 109
0, 152111, 1
1, 152111, 1
0, 74816, 128
1, 152110, 103
0, 152213, 1
1, 152213, 1
0, 74944, 192
1, 152212, 134
0, 152346, 1
1, 152346, 1
0, 75136, 128
1, 152346, 140
0, 152486, 1
1, 152486, 1
0, 75264, 128
1, 152486, 76
0, 152562, 1
1, 152562, 1
0, 75392, 192
1, 152562, 216
0, 152778, 1
1, 152778, 1
1, 152778, 151
0, 152929, 1
1, 152929, 1
0, 75584, 192
1, 152928, 97
0, 75776, 128
1, 153024, 122
0, 153146, 1
1, 153146, 1
0, 75904, 128
1, 153146, 53
0, 153199, 1
1, 153199, 1
0, 76032, 128
1, 153198, 68
0, 76160, 64
1, 153264, 93
0, 153357, 1
1, 153357, 1
0, 76224, 128
1, 153356, 129
0, 153485, 1
1, 153485, 1
0, 76352, 64
1, 153484, 86
0, 153570, 1
1, 153570, 1
0, 76416, 320
1, 153570, 224
0, 153794, 1
1, 153794, 1
0, 76736, 192
1, 153794, 84
0, 153878, 1
1, 153878, 1
0, 76928, 64
1, 153878, 63
0, 76992, 128
1, 153940, 116
0, 77120, 64
1, 154056, 4
0, 77184, 64
1, 154058, 108
0, 154166, 1
1, 154166, 1
0, 77248, 64
1, 154166, 98
0, 154264, 1
1, 154264, 1
0, 77312, 64
1, 154264, 107
0, 154371, 1
1, 154371, 1
0, 77376, 192
1, 154370, 92
0, 154462, 1
1, 154462, 1
0, 77568, 64
1, 154462, 104
0, 154566, 1
1, 154566, 1
0, 77632, 192
1, 154566, 193
0, 154759, 1
1, 154759, 1
0, 77824, 128
1, 154758, 82
0, 154840, 1
1, 154840, 1
0, 77952, 128
1, 154840, 86
0, 154926, 1
1, 154926, 1
0, 78080, 128
1, 154926, 78
0, 78208, 128
1, 155002, 89
0, 155091, 1
1, 155091, 1
0, 78336, 128
1, 155090, 90
0, 155180, 1
1, 155180, 1
0, 78464, 64
1, 155180, 88
0, 155268, 1
1, 155268, 1
0, 78528, 64
1, 155268, 114
0, 155382, 1
1, 155382, 1
0, 78592, 128
1, 155382, 80
0, 155462, 1
1, 155462, 1
0, 78720, 256
1, 155462, 135
0, 78976, 192
1, 155596, 57
0, 155653, 1
1, 155653, 1
0, 79168, 64
1, 155652, 76
0, 155728, 1
1, 155728, 1
0, 79232, 64
1, 155728, 68
0, 155796, 1
1, 155796, 1
0, 79296, 64
1, 155796, 61
0, 155857, 1
1, 155857, 1
0, 79360, 64
1, 155856, 77
0, 79424, 128
1, 155932, 45
0, 155977, 1
1, 155977, 1
0, 79552, 64
1, 155976, 58
0, 156034, 1
1, 156034, 1
0, 79616, 64
1, 156034, 34
0, 156068, 1
1, 156068, 1
0, 79680, 256
1, 156068, 128
0, 156196, 1
1, 156196, 1
0, 79936, 64
1, 156196, 42
0, 156238, 1
1, 156238, 1
0, 80000, 64
1, 156238, 69
0, 156307, 1
1, 156307, 1
0, 80064, 64
1, 156306, 105
0, 80128, 64
1, 156410, 74
0, 80192, 64
1, 156482, 60
0, 80256, 128
1, 156540, 59
0, 156599, 1
1, 156599, 1
0, 80384, 64
1, 156598, 50
0, 156648, 1
1, 156648, 1
0, 80448, 64
1, 156648, 53
0, 80512, 128
1, 156700, 131
0, 156831, 1
1, 156831, 1
0, 80640, 64
1, 156830, 54
1, 156882, 50
0, 156932, 1
1, 156932, 1
0, 80704, 64
1, 156932, 65
0, 80768, 192
1, 156996, 41
0, 157037, 1
1, 157037, 1
0, 80960, 128
1, 157036, 53
0, 157089, 1
1, 157089, 1
0, 81088, 128
1, 157088, 51
0, 81216, 64
1, 157138, 89
0, 157227, 1
1, 157227, 1
0, 81280, 64
1, 157226, 97
0, 157323, 1
1, 157323, 1
0, 81344, 128
1, 157322, 155
0, 157477, 1
1, 157477, 1
0, 81472, 108
1, 157476, 36
0, 157512, 1
1, 157512, 1
0, 81614, 50
1, 157512, 70
0, 157582, 1
1, 157582, 1
0, 81664, 192
1, 157582, 59
0, 157641, 1
1, 157641, 1
0, 81856, 64
1, 157640, 65
0, 157705, 1
1, 157705, 1
0, 81920, 128
1, 157704, 95
0, 157799, 1
1, 157799, 1
0, 82048, 128
1, 157798, 88
0, 157886, 1
1, 157886, 1
0, 82176, 64
1, 157886, 90
0, 157976, 1
1, 157976, 1
0, 82240, 64
1, 157976, 72
0, 158048, 1
1, 158048, 1
0, 82304, 64
1, 158048, 206
1, 158252, 59
0, 82368, 256
1, 158310, 71
0, 82624, 192
1, 158380, 35
0, 82816, 64
1, 158414, 79
0, 158493, 1
1, 158493, 1
0, 82880, 64
1, 158492, 97
0, 82944, 64
1, 158588, 81
0, 158669, 1
1, 158669, 1
1, 158668, 47
0, 158715, 1
1, 158715, 1
0, 83008, 128
1, 158714, 41
0, 158755, 1
1, 158755, 1
0, 83136, 320
1, 158754, 92
0, 158846, 1
1, 158846, 1
0, 83456, 192
1, 158846, 45
0, 158891, 1
1, 158891, 1
0, 83648, 64
1, 158890, 43
0, 158933, 1
1, 158933, 1
0, 83712, 64
1, 158932, 184
0, 159116, 1
1, 159116, 1
0, 83776, 64
1, 159116, 165
0, 159281, 1
1, 159281, 1
1, 159280, 78
0, 83840, 64
1, 159356, 72
0, 159428, 1
1, 159428, 1
0, 83904, 64
1, 159428, 29
0, 83968, 64
1, 159456, 43
0, 159499, 1
1, 159499, 1
0, 84032, 192
1, 159498, 81
0, 159579, 1
1, 159579, 1
0, 84224, 64
1, 159578, 57
0, 159635, 1
1, 159635, 1
0, 84288, 192
1, 159634, 54
0, 84480, 64
1, 159688, 10
0, 159698, 1
1, 159698, 1
0, 84544, 64
1, 159698, 103
0, 84608, 128
1, 159800, 91
0, 159891, 1
1, 159891, 1
0, 84736, 128
1, 159890, 71
0, 84864, 64
1, 159960, 91
0, 84928, 64
1, 160050, 99
0, 84992, 128
1, 160148, 85
0, 160233, 1
1, 160233, 1
0, 85120, 256
1, 160232, 158
0, 160390, 1
1, 160390, 1
0, 85376, 64
1, 160390, 113
0, 160503, 1
1, 160503, 1
0, 85440, 128
1, 160502, 93
0, 160595, 1
1, 160595, 1
0, 85568, 192
1, 160594, 84
0, 160678, 1
1, 160678, 1
0, 85760, 128
1, 160678, 74
0, 160752, 1
1, 160752, 1
0, 85888, 64
1, 160752, 103
0, 160855, 1
1, 160855, 1
0, 85952, 128
1, 160854, 91
0, 160945, 1
1, 160945, 1
0, 86080, 64
1, 160944, 93
0, 161037, 1
1, 161037, 1
0, 86144, 64
1, 161036, 100
0, 86208, 64
1, 161134, 185
0, 161319, 1
1, 161319, 1
0, 86272, 64
1, 161318, 65
0, 161383, 1
1, 161383, 1
0, 86336, 128
1, 161382, 86
0, 86464, 64
1, 161466, 65
0, 161531, 1
1, 161531, 1
0, 86528, 64
1, 161530, 109
0, 86592, 128
1, 161638, 60
0, 161698, 1
1, 161698, 1
0, 86720, 192
1, 161698, 57
0, 161755, 1
1, 161755, 1
0, 86912, 128
1, 161754, 69
0, 161823, 1
1, 161823, 1
0, 87040, 128
1, 161822, 67
0, 161889, 1
1, 161889, 1
0, 87168, 256
1, 161888, 141
0, 162029, 1
1, 162029, 1
0, 87424, 128
1, 162028, 61
0, 162089, 1
1, 162089, 1
1, 162088, 88
0, 162176, 1
1, 162176, 1
0, 87552, 64
1, 162176, 96
0, 87616, 64
1, 162270, 61
0, 162331, 1
1, 162331, 1
0, 87680, 128
1, 162330, 63
0, 162393, 1
1, 162393, 1
0, 87808, 64
1, 162392, 59
0, 162451, 1
1, 162451, 1
0, 87872, 128
1, 162450, 48
0, 162498, 1
1, 162498, 1
0, 88000, 64
1, 162498, 79
0, 162577, 1
1, 162577, 1
0, 88064, 192
1, 162576, 63
1, 162638, 73
0, 162711, 1
1, 162711, 1
0, 88256, 128
1, 162710, 96
0, 162806, 1
1, 162806, 1
0, 88384, 128
1, 162806, 88
0, 88512, 64
1, 162892, 52
0, 162944, 1
1, 162944, 1
0, 88576, 128
1, 162944, 80
0, 163024, 1
1, 163024, 1
0, 88704, 64
1, 163024, 48
0, 163072, 1
1, 163072, 1
0, 88768, 64
1, 163072, 74
0, 88832, 64
1, 163144, 85
0, 163229, 1
1, 163229, 1
0, 88896, 128
1, 163228, 52
0, 89024, 64
1, 163278, 52
0, 163330, 1
1, 163330, 1
0, 89088, 128
1, 163330, 52
0, 163382, 1
1, 163382, 1
0, 89216, 128
1, 163382, 35
0, 163417, 1
1, 163417, 1
0, 89344, 64
1, 163416, 92
0, 163508, 1
1, 163508, 1
0, 89408, 128
1, 163508, 83
0, 163591, 1
1, 163591, 1
1, 163590, 89
0, 89536, 64
1, 163678, 68
0, 163746, 1
1, 163746, 1
0, 89600, 128
1, 163746, 120
0, 163866, 1
1, 163866, 1
0, 89728, 128
1, 163866, 67
0, 89856, 64
1, 163932, 60
0, 89920, 128
1, 163990, 62
0, 164052, 1
1, 164052, 1
0, 90048, 128
1, 164052, 94
0, 164146, 1
1, 164146, 1
0, 90176, 64
1, 164146, 66
0, 164212, 1
1, 164212, 1
0, 90240, 128
1, 164212, 55
0, 90368, 128
1, 164266, 73
0, 164339, 1
1, 164339, 1
0, 90496, 192
1, 164338, 64
0, 90688, 192
1, 164400, 79
0, 164479, 1
1, 164479, 1
0, 90880, 64
1, 164478, 101
0, 90944, 128
1, 164578, 82
0, 164660, 1
1, 164660, 1
0, 91072, 128
1, 164660, 130
0, 91200, 64
1, 164788, 172
0, 91264, 64
1, 164958, 46
0, 165004, 1
1, 165004, 1
0, 91328, 192
1, 165004, 169
0, 91520, 64
1, 165172, 85
0, 165257, 1
1, 165257, 1
0, 91584, 128
1, 165256, 69
0, 91712, 192
1, 165324, 95
0, 91904, 128
1, 165418, 44
0, 165462, 1
1, 165462, 1
0, 92032, 64
1, 165462, 80
0, 92096, 192
1, 165540, 108
0, 165648, 1
1, 165648, 1
0, 92288, 128
1, 165648, 76
0, 165724, 1
1, 165724, 1
0, 92416, 192
1, 165724, 95
0, 92608, 64
1, 165818, 79
0, 165897, 1
1, 165897, 1
0, 92672, 192
1, 165896, 76
0, 165972, 1
1, 165972, 1
0, 92864, 64
1, 165972, 132
0, 92928, 192
1, 166102, 113
0, 93120, 192
1, 166214, 134
0, 93312, 128
1, 166346, 111
0, 166457, 1
1, 166457, 1
0, 93440, 128
1, 166456, 121
0, 93568, 128
1, 166576, 141
0, 166717, 1
1, 166717, 1
0, 93696, 128
1, 166716, 120
0, 93824, 192
1, 166834, 120
0, 166954, 1
1, 166954, 1
0, 94016, 128
1, 166954, 121
0, 94144, 128
1, 167074, 123
0, 167197, 1
1, 167197, 1
0, 94272, 128
1, 167196, 117
0, 167313, 1
1, 167313, 1
0, 94400, 256
1, 167312, 119
0, 167431, 1
1, 167431, 1
0, 94656, 64
1, 167430, 116
0, 94720, 128
1, 167544, 128
0, 167672, 1
1, 167672, 1
0, 94848, 64
1, 167672, 123
0, 167795, 1
1, 167795, 1
0, 94912, 128
1, 167794, 148
0, 167942, 1
1, 167942, 1
0, 95040, 128
1, 167942, 64
0, 168006, 1
1, 168006, 1
0, 95168, 192
1, 168006, 95
0, 168101, 1
1, 168101, 1
0, 95360, 192
1, 168100, 85
0, 95552, 64
1, 168184, 97
0, 95616, 128
1, 168280, 104
0, 95744, 128
1, 168382, 132
0, 168514, 1
1, 168514, 1
0, 95872, 128
1, 168514, 100
0, 96000, 256
1, 168612, 204
0, 96256, 64
1, 168814, 68
0, 168882, 1
1, 168882, 1
0, 96320, 128
1, 168882, 103
0, 168985, 1
1, 168985, 1
0, 96448, 64
1, 168984, 84
0, 169068, 1
1, 169068, 1
0, 96512, 128
1, 169068, 99
0, 96640, 64
1, 169166, 94
0, 169260, 1
1, 169260, 1
0, 96704, 128
1, 169260, 100
0, 169360, 1
1, 169360, 1
0, 96832, 64
1, 169360, 91
0, 169451, 1
1, 169451, 1
0, 96896, 64
1, 169450, 95
0, 96960, 128
1, 169544, 88
0, 169632, 1
1, 169632, 1
0, 97088, 192
1, 169632, 61
0, 97280, 64
1, 169692, 49
0, 97344, 128
1, 169740, 86
0, 169826, 1
1, 169826, 1
0, 97472, 64
1, 169826, 100
0, 169926, 1
1, 169926, 1
0, 97536, 128
1, 169926, 91
0, 170017, 1
1, 170017, 1
0, 97664, 192
1, 170016, 57
0, 170073, 1
1, 170073, 1
0, 97856, 128
1, 170072, 76
0, 97984, 256
1, 170146, 45
0, 98240, 64
1, 170190, 128
0, 98304, 128
1, 170316, 106
0, 170422, 1
1, 170422, 1
0, 98432, 192
1, 170422, 108
0, 98624, 64
1, 170528, 126
0, 98688, 128
1, 170652, 106
0, 170758, 1
1, 170758, 1
0, 98816, 128
1, 170758, 113
0, 98944, 192
1, 170870, 121
0, 170991, 1
1, 170991, 1
0, 99136, 192
1, 170990, 85
0, 99328, 128
1, 171074, 108
0, 171182, 1
1, 171182, 1
0, 99456, 128
1, 171182, 88
0, 171270, 1
1, 171270, 1
0, 99584, 128
1, 171270, 147
0, 99712, 128
1, 171416, 135
0, 171551, 1
1, 171551, 1
0, 99840, 128
1, 171550, 105
0, 99968, 128
1, 171654, 78
0, 171732, 1
1, 171732, 1
0, 100096, 64
1, 171732, 116
0, 100160, 128
1, 171846, 104
0, 171950, 1
1, 171950, 1
0, 100288, 128
1, 171950, 67
0, 172017, 1
1, 172017, 1
0, 100416, 128
1, 172016, 93
0, 172109, 1
1, 172109, 1
0, 100544, 128
1, 172108, 94
0, 172202, 1
1, 172202, 1
0, 100672, 128
1, 172202, 107
0, 172309, 1
1, 172309, 1
0, 100800, 128
1, 172308, 89
0, 172397, 1
1, 172397, 1
0, 100928, 128
1, 172396, 75
0, 101056, 64
1, 172470, 84
0, 172554, 1
1, 172554, 1
0, 101120, 192
1, 172554, 67
0, 172621, 1
1, 172621, 1
0, 101312, 128
1, 172620, 97
0, 101440, 64
1, 172716, 71
0, 172787, 1
1, 172787, 1
0, 101504, 128
1, 172786, 95
0, 172881, 1
1, 172881, 1
1, 172880, 93
0, 172973, 1
1, 172973, 1
0, 101632, 128
1, 172972, 108
0, 101760, 128
1, 173078, 58
0, 173136, 1
1, 173136, 1
0, 101888, 64
1, 173136, 68
0, 173204, 1
1, 173204, 1
0, 101952, 128
1, 173204, 70
0, 173274, 1
1, 173274, 1
0, 102080, 64
1, 173274, 121
0, 173395, 1
1, 173395, 1
0, 102144, 64
1, 173394, 107
0, 173501, 1
1, 173501, 1
0, 102208, 64
1, 173500, 42
0, 102272, 64
1, 173540, 106
0, 173646, 1
1, 173646, 1
1, 173646, 65
0, 173711, 1
1, 173711, 1
0, 102336, 4
1, 173710, 75
0, 173785, 1
1, 173785, 1
1, 173784, 88
0, 173872, 1
1, 173872, 1
1, 173872, 27
0, 173899, 1
1, 173899, 1
1, 173898, 45
0, 173943, 1
1, 173943, 1
1, 173942, 1536
1, 102344, 77336
0, 179680, 1