0, 140, 340
0, 102340, 2
0, 140, 404
0, 140, 404
0, 140, 404
0, 140, 404
0, 102340, 2
0, 140, 404
0, 140, 404
0, 140, 404
0, 140, 404
0, 102340, 2
0, 140, 404
0, 140, 404
0, 140, 404
0, 140, 404
0, 102340, 2
0, 140, 404
0, 140, 404
0, 140, 404
0, 140, 404
0, 102340, 2
0, 140, 404
0, 140, 404
0, 140, 404
0, 140, 404
0, 102340, 2
0, 544, 160
1, 102344, 36
0, 102380, 1
1, 102380, 1
0, 704, 256
1, 102380, 371
0, 102751, 1
1, 102751, 1
0, 960, 704
1, 102750, 720
1, 102344, 2
1, 103468, 76
0, 103544, 1
1, 103544, 1
1, 102344, 184
0, 1664, 4
1, 102528, 2
0, 1668, 92
1, 102530, 10
0, 1760, 32
1, 102540, 2
0, 1792, 32
1, 102542, 12
0, 1824, 64
1, 102554, 2
0, 1888, 128
1, 102556, 10
0, 2016, 32
1, 102566, 2
0, 2048, 32
1, 102568, 12
0, 2080, 32
1, 102580, 2
0, 2112, 32
1, 102582, 12
0, 2144, 64
1, 102594, 2
0, 2208, 64
1, 102596, 8
0, 2272, 64
1, 102604, 16
0, 2336, 64
1, 102620, 2
0, 2400, 64
1, 102622, 2
0, 2464, 64
1, 102624, 10
0, 2528, 64
1, 102634, 2
0, 2592, 64
1, 102636, 10
0, 2656, 64
1, 102646, 14
0, 2720, 32
1, 102660, 2
0, 2752, 96
1, 102662, 8
0, 2848, 32
1, 102670, 2
0, 2880, 32
1, 102672, 14
0, 2912, 64
1, 102686, 2
0, 2976, 192
1, 102688, 12
0, 3168, 64
1, 102700, 2
0, 3232, 64
1, 102702, 8
0, 3296, 64
1, 102710, 14
0, 3360, 32
1, 102724, 2
0, 3392, 96
1, 102726, 24
0, 3488, 64
1, 102750, 2
0, 3552, 64
1, 102752, 12
0, 3616, 64
1, 102764, 12
0, 3680, 32
1, 102776, 2
0, 3712, 32
1, 102778, 2
0, 3744, 64
1, 102780, 10
0, 3808, 32
1, 102790, 2
0, 3840, 32
1, 102792, 12
0, 3872, 64
1, 102804, 12
0, 3936, 32
1, 102816, 2
0, 3968, 32
1, 102818, 12
0, 4000, 64
1, 102830, 12
0, 4064, 32
1, 102842, 2
0, 4096, 32
1, 102844, 4
0, 4128, 64
1, 102848, 8
0, 4192, 32
1, 102856, 2
0, 4224, 32
1, 102858, 12
0, 4256, 32
1, 102870, 2
0, 4288, 32
1, 102872, 8
0, 4320, 64
1, 102880, 16
0, 4384, 32
1, 102896, 2
0, 4416, 32
1, 102898, 12
0, 4448, 64
1, 102910, 10
0, 4512, 64
1, 102920, 14
0, 4576, 32
1, 102934, 2
0, 4608, 32
1, 102936, 10
0, 4640, 64
1, 102946, 14
0, 4704, 32
1, 102960, 2
0, 4736, 32
1, 102962, 12
0, 4768, 64
1, 102974, 12
0, 4832, 32
1, 102986, 2
0, 4864, 32
1, 102988, 12
0, 4896, 64
1, 103000, 14
0, 4960, 64
1, 103014, 2
0, 5024, 64
1, 103016, 24
0, 5088, 64
1, 103040, 14
0, 5152, 128
1, 103054, 12
0, 5280, 32
1, 103066, 2
0, 5312, 32
1, 103068, 12
0, 5344, 64
1, 103080, 10
0, 5408, 32
1, 103090, 2
0, 5440, 32
1, 103092, 14
0, 5472, 64
1, 103106, 14
0, 5536, 64
1, 103120, 4
0, 5600, 32
1, 103124, 2
0, 5632, 32
1, 103126, 4
0, 5664, 64
1, 103130, 14
0, 5728, 32
1, 103144, 2
0, 5760, 32
1, 103146, 24
0, 5792, 8
1, 103170, 2
0, 5800, 32
1, 103172, 2
0, 5832, 16
1, 103174, 4
0, 5848, 72
1, 103178, 6
0, 5920, 32
1, 103184, 2
0, 5952, 96
1, 103186, 10
0, 6048, 64
1, 103196, 14
0, 6112, 32
1, 103210, 2
0, 6144, 32
1, 103212, 10
0, 6176, 64
1, 103222, 14
0, 6240, 32
1, 103236, 2
0, 6272, 96
1, 103238, 12
0, 6368, 64
1, 103250, 12
0, 6432, 32
1, 103262, 2
0, 6464, 32
1, 103264, 12
0, 6496, 64
1, 103276, 14
0, 6560, 32
1, 103290, 2
0, 6592, 32
1, 103292, 8
0, 6624, 64
1, 103300, 2
0, 6688, 64
1, 103302, 14
0, 6752, 64
1, 103316, 10
0, 6816, 64
1, 103326, 8
0, 6880, 32
1, 103334, 2
0, 6912, 32
1, 103336, 4
0, 6944, 64
1, 103340, 8
0, 7008, 32
1, 103348, 2
0, 7040, 32
1, 103350, 4
0, 7072, 32
1, 103354, 2
0, 7104, 32
1, 103356, 6
0, 7136, 64
1, 103362, 4
0, 7200, 32
1, 103366, 2
0, 7232, 32
1, 103368, 12
0, 7264, 64
1, 103380, 2
0, 7328, 64
1, 103382, 12
0, 7392, 64
1, 103394, 12
0, 7456, 32
1, 103406, 2
0, 7488, 32
1, 103408, 12
0, 7520, 64
1, 103420, 12
0, 7584, 32
1, 103432, 2
0, 7616, 96
1, 103434, 12
0, 7712, 64
1, 103446, 2
0, 7776, 64
1, 103448, 12
0, 7840, 64
1, 103460, 12
0, 7904, 64
1, 103472, 14
0, 7968, 32
1, 103486, 2
0, 8000, 32
1, 103488, 12
0, 8032, 64
1, 103500, 2
0, 8096, 64
1, 103502, 18
0, 8160, 64
1, 103520, 6
0, 8224, 32
1, 103526, 2
0, 8256, 32
1, 103528, 8
0, 8288, 64
1, 103536, 14
0, 8352, 32
1, 103550, 2
0, 8384, 32
1, 103552, 12
0, 8416, 64
1, 103564, 12
0, 8480, 32
1, 103576, 2
0, 8512, 96
1, 103578, 12
0, 8608, 64
1, 103590, 12
0, 8672, 64
1, 103602, 14
0, 8736, 32
1, 103616, 2
0, 8768, 96
1, 103618, 22
0, 8864, 64
1, 103640, 2
0, 8928, 32
1, 103642, 2
0, 8960, 32
1, 103644, 26
0, 8992, 64
1, 103670, 12
0, 9056, 32
1, 103682, 2
0, 9088, 32
1, 103684, 12
0, 9120, 64
1, 103696, 6
0, 9184, 32
1, 103702, 2
0, 9216, 32
1, 103704, 8
0, 9248, 64
1, 103712, 8
0, 9312, 32
1, 103720, 2
0, 9344, 32
1, 103722, 14
0, 9376, 64
1, 103736, 16
0, 9440, 64
1, 103752, 8
0, 9504, 64
1, 103760, 14
0, 9568, 32
1, 103774, 2
0, 9600, 32
1, 103776, 10
0, 9632, 64
1, 103786, 14
0, 9696, 32
1, 103800, 2
0, 9728, 32
1, 103802, 10
0, 9760, 64
1, 103812, 14
0, 9824, 32
1, 103826, 2
0, 9856, 32
1, 103828, 6
0, 9888, 64
1, 103834, 6
0, 9952, 32
1, 103840, 2
0, 9984, 32
1, 103842, 10
0, 10016, 64
1, 103852, 2
0, 10080, 64
1, 103854, 12
0, 10144, 64
1, 103866, 14
0, 10208, 32
1, 103880, 2
0, 10240, 96
1, 103882, 10
0, 10336, 64
1, 103892, 14
0, 10400, 32
1, 103906, 2
0, 10432, 32
1, 103908, 10
0, 10464, 64
1, 103918, 28
0, 10528, 32
1, 103946, 2
0, 10560, 32
1, 103948, 8
0, 10592, 64
1, 103956, 14
0, 10656, 32
1, 103970, 2
0, 10688, 96
1, 103972, 10
0, 10784, 32
1, 103982, 2
0, 10816, 96
1, 103984, 12
0, 10912, 32
1, 103996, 2
0, 10944, 32
1, 103998, 12
0, 10976, 64
1, 104010, 12
0, 11040, 64
1, 104022, 14
0, 11104, 32
1, 104036, 2
0, 11136, 32
1, 104038, 12
0, 11168, 64
1, 104050, 2
0, 11232, 128
1, 104052, 2
0, 11360, 64
1, 104054, 8
0, 11424, 32
1, 104062, 2
0, 11456, 96
1, 104064, 12
0, 11552, 64
1, 104076, 2
0, 11616, 64
1, 104078, 10
0, 11680, 64
1, 104088, 2
0, 11744, 64
1, 104090, 12
0, 11808, 64
1, 104102, 2
0, 11872, 128
1, 104104, 12
0, 12000, 32
1, 104116, 2
0, 12032, 96
1, 104118, 10
0, 12128, 32
1, 104128, 2
0, 12160, 96
1, 104130, 10
0, 12256, 32
1, 104140, 2
0, 12288, 96
1, 104142, 14
0, 12384, 32
1, 104156, 2
0, 12416, 96
1, 104158, 6
0, 12512, 32
1, 104164, 2
0, 12544, 96
1, 104166, 14
0, 12640, 32
1, 104180, 2
0, 12672, 32
1, 104182, 10
0, 12704, 64
1, 104192, 14
0, 12768, 32
1, 104206, 2
0, 12800, 32
1, 104208, 6
0, 12832, 64
1, 104214, 6
0, 12896, 32
1, 104220, 2
0, 12928, 32
1, 104222, 10
0, 12960, 64
1, 104232, 2
0, 13024, 64
1, 104234, 12
0, 13088, 64
1, 104246, 14
0, 13152, 32
1, 104260, 2
0, 13184, 32
1, 104262, 10
0, 13216, 64
1, 104272, 2
0, 13280, 64
1, 104274, 12
0, 13344, 64
1, 104286, 2
0, 13408, 64
1, 104288, 4
0, 13472, 64
1, 104292, 6
0, 13536, 32
1, 104298, 2
0, 13568, 96
1, 104300, 12
0, 13664, 32
1, 104312, 2
0, 13696, 96
1, 104314, 6
0, 13792, 32
1, 104320, 2
0, 13824, 32
1, 104322, 4
0, 13856, 64
1, 104326, 2
0, 13920, 64
1, 104328, 10
0, 13984, 64
1, 104338, 2
0, 14048, 64
1, 104340, 2
0, 14112, 64
1, 104342, 8
0, 14176, 32
1, 104350, 2
0, 14208, 96
1, 104352, 10
0, 14304, 32
1, 104362, 2
0, 14336, 96
1, 104364, 12
0, 14432, 32
1, 104376, 2
0, 14464, 96
1, 104378, 12
0, 14560, 32
1, 104390, 2
0, 14592, 96
1, 104392, 10
0, 14688, 64
1, 104402, 2
0, 14752, 64
1, 104404, 12
0, 14816, 64
1, 104416, 2
0, 14880, 64
1, 104418, 12
0, 14944, 32
1, 104430, 2
0, 14976, 96
1, 104432, 10
0, 15072, 32
1, 104442, 2
0, 15104, 96
1, 104444, 12
0, 15200, 32
1, 104456, 2
0, 15232, 96
1, 104458, 2
0, 15328, 64
1, 104460, 8
0, 15392, 32
1, 104468, 2
0, 15424, 96
1, 104470, 2
0, 15520, 64
1, 104472, 10
0, 15584, 64
1, 104482, 2
0, 15648, 64
1, 104484, 12
0, 15712, 64
1, 104496, 2
0, 15776, 128
1, 104498, 10
0, 15904, 64
1, 104508, 2
0, 15968, 128
1, 104510, 8
0, 16096, 32
1, 104518, 2
0, 16128, 32
1, 104520, 2
0, 16160, 64
1, 104522, 2
0, 16224, 128
1, 104524, 2
0, 16352, 64
1, 104526, 10
0, 16416, 64
1, 104536, 2
0, 16480, 64
1, 104538, 10
0, 16544, 32
1, 104548, 2
0, 16576, 96
1, 104550, 10
0, 16672, 32
1, 104560, 2
0, 16704, 160
1, 104562, 10
0, 16864, 32
1, 104572, 2
0, 16896, 32
1, 104574, 12
0, 16928, 64
1, 104586, 2
0, 16992, 64
1, 104588, 12
0, 17056, 64
1, 104600, 2
0, 17120, 128
1, 104602, 10
0, 17248, 32
1, 104612, 2
0, 17280, 96
1, 104614, 12
0, 17376, 64
1, 104626, 2
0, 17440, 64
1, 104628, 12
0, 17504, 64
1, 104640, 2
0, 17568, 128
1, 104642, 2
0, 17696, 64
1, 104644, 8
0, 17760, 64
1, 104652, 2
0, 17824, 128
1, 104654, 6
0, 17952, 64
1, 104660, 6
0, 18016, 64
1, 104666, 2
0, 18080, 128
1, 104668, 10
0, 18208, 32
1, 104678, 2
0, 18240, 32
1, 104680, 10
0, 18272, 32
1, 104690, 2
0, 18304, 96
1, 104692, 14
0, 18400, 32
1, 104706, 2
0, 18432, 96
1, 104708, 10
0, 18528, 32
1, 104718, 2
0, 18560, 96
1, 104720, 12
0, 18656, 64
1, 104732, 12
0, 18720, 32
1, 104744, 2
0, 18752, 32
1, 104746, 12
0, 18784, 64
1, 104758, 2
0, 18848, 64
1, 104760, 2
0, 18912, 64
1, 104762, 8
0, 18976, 32
1, 104770, 2
0, 19008, 32
1, 104772, 10
0, 19040, 64
1, 104782, 2
0, 19104, 64
1, 104784, 12
0, 19168, 64
1, 104796, 14
0, 19232, 64
1, 104810, 12
0, 19296, 32
1, 104822, 2
0, 19328, 32
1, 104824, 12
0, 19360, 64
1, 104836, 12
0, 19424, 32
1, 104848, 2
0, 19456, 96
1, 104850, 12
0, 19552, 32
1, 104862, 2
0, 19584, 32
1, 104864, 12
0, 19616, 64
1, 104876, 2
0, 19680, 64
1, 104878, 10
0, 19744, 64
1, 104888, 8
0, 19808, 32
1, 104896, 2
0, 19840, 32
1, 104898, 4
0, 19872, 32
1, 104902, 2
0, 19904, 96
1, 104904, 12
0, 20000, 64
1, 104916, 2
0, 20064, 128
1, 104918, 10
0, 20192, 32
1, 104928, 2
0, 20224, 96
1, 104930, 2
0, 20320, 64
1, 104932, 10
0, 20384, 64
1, 104942, 12
0, 20448, 32
1, 104954, 2
0, 20480, 32
1, 104956, 12
0, 20512, 64
1, 104968, 2
0, 20576, 64
1, 104970, 10
0, 20640, 64
1, 104980, 2
0, 20704, 64
1, 104982, 10
0, 20768, 64
1, 104992, 2
0, 20832, 64
1, 104994, 12
0, 20896, 64
1, 105006, 6
0, 20960, 64
1, 105012, 8
0, 21024, 64
1, 105020, 6
0, 21088, 32
1, 105026, 2
0, 21120, 32
1, 105028, 4
0, 21152, 64
1, 105032, 2
0, 21216, 64
1, 105034, 12
0, 21280, 64
1, 105046, 12
0, 21344, 64
1, 105058, 64
0, 21408, 32
1, 105122, 2
0, 21440, 32
1, 105124, 54
0, 21472, 64
1, 105178, 12
0, 21536, 32
1, 105190, 2
0, 21568, 32
1, 105192, 36
0, 21600, 64
1, 105228, 28
0, 21664, 32
1, 105256, 2
0, 21696, 32
1, 105258, 38
0, 21728, 64
1, 105296, 12
0, 21792, 32
1, 105308, 2
0, 21824, 32
1, 105310, 24
0, 21856, 64
1, 105334, 6
0, 21920, 32
1, 105340, 2
0, 21952, 32
1, 105342, 6
0, 21984, 32
1, 105348, 2
0, 22016, 32
1, 105350, 22
0, 22048, 64
1, 105372, 18
0, 22112, 32
1, 105390, 2
0, 22144, 32
1, 105392, 28
0, 22176, 64
1, 105420, 18
0, 22240, 64
1, 105438, 28
0, 22304, 32
1, 105466, 2
0, 22336, 32
1, 105468, 36
0, 22368, 64
1, 105504, 14
0, 22432, 32
1, 105518, 2
0, 22464, 32
1, 105520, 38
0, 22496, 64
1, 105558, 40
0, 22560, 64
1, 105598, 12
0, 22624, 32
1, 105610, 2
0, 22656, 32
1, 105612, 36
0, 22688, 64
1, 105648, 14
0, 22752, 64
1, 105662, 40
0, 22816, 64
1, 105702, 2
0, 22880, 64
1, 105704, 10
0, 22944, 64
1, 105714, 14
0, 23008, 32
1, 105728, 2
0, 23040, 32
1, 105730, 12
0, 23072, 64
1, 105742, 12
0, 23136, 32
1, 105754, 2
0, 23168, 32
1, 105756, 12
0, 23200, 32
1, 105768, 2
0, 23232, 32
1, 105770, 4
0, 23264, 64
1, 105774, 20
0, 23328, 32
1, 105794, 2
0, 23360, 32
1, 105796, 12
0, 23392, 64
1, 105808, 2
0, 23456, 64
1, 105810, 8
0, 23520, 32
1, 105818, 2
0, 23552, 32
1, 105820, 12
0, 23584, 64
1, 105832, 14
0, 23648, 32
1, 105846, 2
0, 23680, 96
1, 105848, 10
0, 23776, 32
1, 105858, 2
0, 23808, 32
1, 105860, 12
0, 23840, 64
1, 105872, 14
0, 23904, 32
1, 105886, 2
0, 23936, 32
1, 105888, 10
0, 23968, 64
1, 105898, 26
0, 24032, 64
1, 105924, 22
0, 24096, 64
1, 105946, 24
0, 24160, 64
1, 105970, 20
0, 24224, 32
1, 105990, 2
0, 24256, 32
1, 105992, 26
0, 24288, 64
1, 106018, 28
0, 24352, 64
1, 106046, 32
0, 24416, 64
1, 106078, 16
0, 24480, 32
1, 106094, 2
0, 24512, 32
1, 106096, 12
0, 24544, 64
1, 106108, 14
0, 24608, 32
1, 106122, 2
0, 24640, 32
1, 106124, 10
0, 24672, 64
1, 106134, 14
0, 24736, 32
1, 106148, 2
0, 24768, 32
1, 106150, 12
0, 24800, 64
1, 106162, 12
0, 24864, 32
1, 106174, 2
0, 24896, 32
1, 106176, 22
0, 24928, 64
1, 106198, 16
0, 24992, 64
1, 106214, 14
0, 25056, 32
1, 106228, 2
0, 25088, 32
1, 106230, 16
0, 25120, 64
1, 106246, 20
0, 25184, 32
1, 106266, 2
0, 25216, 32
1, 106268, 10
0, 25248, 64
1, 106278, 14
0, 25312, 32
1, 106292, 2
0, 25344, 32
1, 106294, 36
0, 25376, 64
1, 106330, 28
0, 25440, 32
1, 106358, 2
0, 25472, 32
1, 106360, 38
0, 25504, 64
1, 106398, 22
0, 25568, 32
1, 106420, 2
0, 25600, 32
1, 106422, 2
0, 25632, 64
1, 106424, 24
0, 25696, 32
1, 106448, 2
0, 25728, 32
1, 106450, 12
0, 25760, 64
1, 106462, 12
0, 25824, 32
1, 106474, 2
0, 25856, 32
1, 106476, 12
0, 25888, 64
1, 106488, 14
0, 25952, 64
1, 106502, 12
0, 26016, 32
1, 106514, 2
0, 26048, 96
1, 106516, 12
0, 26144, 32
1, 106528, 2
0, 26176, 32
1, 106530, 12
0, 26208, 64
1, 106542, 12
0, 26272, 64
1, 106554, 14
0, 26336, 32
1, 106568, 2
0, 26368, 96
1, 106570, 10
0, 26464, 64
1, 106580, 16
0, 26528, 32
1, 106596, 2
0, 26560, 32
1, 106598, 10
0, 26592, 64
1, 106608, 10
0, 26656, 32
1, 106618, 2
0, 26688, 32
1, 106620, 14
0, 26720, 64
1, 106634, 14
0, 26784, 32
1, 106648, 2
0, 26816, 32
1, 106650, 8
0, 26848, 64
1, 106658, 14
0, 26912, 64
1, 106672, 22
0, 26976, 32
1, 106694, 2
0, 27008, 32
1, 106696, 16
0, 27040, 64
1, 106712, 12
0, 27104, 64
1, 106724, 26
0, 27168, 32
1, 106750, 2
0, 27200, 32
1, 106752, 12
0, 27232, 64
1, 106764, 26
0, 27296, 32
1, 106790, 2
0, 27328, 32
1, 106792, 12
0, 27360, 64
1, 106804, 24
0, 27424, 32
1, 106828, 2
0, 27456, 32
1, 106830, 24
0, 27488, 64
1, 106854, 28
0, 27552, 32
1, 106882, 2
0, 27584, 32
1, 106884, 24
0, 27616, 64
1, 106908, 14
0, 27680, 32
1, 106922, 2
0, 27712, 32
1, 106924, 12
0, 27744, 64
1, 106936, 24
0, 27808, 64
1, 106960, 14
0, 27872, 32
1, 106974, 2
0, 27904, 32
1, 106976, 12
0, 27936, 64
1, 106988, 12
0, 28000, 32
1, 107000, 2
0, 28032, 32
1, 107002, 12
0, 28064, 64
1, 107014, 24
0, 28128, 64
1, 107038, 16
0, 28192, 32
1, 107054, 2
0, 28224, 32
1, 107056, 8
0, 28256, 64
1, 107064, 14
0, 28320, 64
1, 107078, 14
0, 28384, 64
1, 107092, 12
0, 28448, 32
1, 107104, 2
0, 28480, 32
1, 107106, 12
0, 28512, 64
1, 107118, 12
0, 28576, 32
1, 107130, 2
0, 28608, 32
1, 107132, 12
0, 28640, 64
1, 107144, 14
0, 28704, 32
1, 107158, 2
0, 28736, 32
1, 107160, 10
0, 28768, 64
1, 107170, 14
0, 28832, 32
1, 107184, 2
0, 28864, 32
1, 107186, 12
0, 28896, 64
1, 107198, 12
0, 28960, 32
1, 107210, 2
0, 28992, 32
1, 107212, 24
0, 29024, 64
1, 107236, 12
0, 29088, 32
1, 107248, 2
0, 29120, 32
1, 107250, 14
0, 29152, 64
1, 107264, 10
0, 29216, 32
1, 107274, 2
0, 29248, 32
1, 107276, 12
0, 29280, 64
1, 107288, 14
0, 29344, 32
1, 107302, 2
0, 29376, 32
1, 107304, 10
0, 29408, 32
1, 107314, 2
0, 29440, 32
1, 107316, 10
0, 29472, 64
1, 107326, 2
0, 29536, 32
1, 107328, 2
0, 29568, 32
1, 107330, 10
0, 29600, 64
1, 107340, 14
0, 29664, 64
1, 107354, 14
0, 29728, 32
1, 107368, 2
0, 29760, 32
1, 107370, 10
0, 29792, 64
1, 107380, 14
0, 29856, 32
1, 107394, 2
0, 29888, 96
1, 107396, 12
0, 29984, 32
1, 107408, 2
0, 30016, 32
1, 107410, 10
0, 30048, 64
1, 107420, 16
0, 30112, 128
1, 107436, 22
0, 30240, 32
1, 107458, 2
0, 30272, 32
1, 107460, 14
0, 30304, 64
1, 107474, 2
0, 30368, 64
1, 107476, 22
0, 30432, 32
1, 107498, 2
0, 30464, 32
1, 107500, 10
0, 30496, 64
1, 107510, 26
0, 30560, 32
1, 107536, 2
0, 30592, 32
1, 107538, 12
0, 30624, 32
1, 107550, 2
0, 30656, 32
1, 107552, 12
0, 30688, 64
1, 107564, 14
0, 30752, 32
1, 107578, 2
0, 30784, 32
1, 107580, 10
0, 30816, 64
1, 107590, 24
0, 30880, 32
1, 107614, 2
0, 30912, 32
1, 107616, 14
0, 30944, 64
1, 107630, 14
0, 31008, 32
1, 107644, 2
0, 31040, 96
1, 107646, 10
0, 31136, 64
1, 107656, 12
0, 31200, 32
1, 107668, 2
0, 31232, 160
1, 107670, 50
0, 31392, 32
1, 107720, 2
0, 31424, 96
1, 107722, 26
0, 31520, 64
1, 107748, 2
0, 31584, 128
1, 107750, 10
0, 31712, 64
1, 107760, 14
0, 31776, 32
1, 107774, 2
0, 31808, 96
1, 107776, 12
0, 31904, 32
1, 107788, 2
0, 31936, 32
1, 107790, 10
0, 31968, 64
1, 107800, 2
0, 32032, 64
1, 107802, 12
0, 32096, 64
1, 107814, 4
0, 32160, 32
1, 107818, 2
0, 32192, 32
1, 107820, 6
0, 32224, 64
1, 107826, 14
0, 32288, 32
1, 107840, 2
0, 32320, 32
1, 107842, 24
0, 32352, 128
1, 107866, 50
0, 32480, 64
1, 107916, 34
0, 32544, 32
1, 107950, 2
0, 32576, 32
1, 107952, 18
0, 32608, 128
1, 107970, 30
0, 32736, 64
1, 108000, 24
0, 32800, 32
1, 108024, 2
0, 32832, 32
1, 108026, 24
0, 32864, 64
1, 108050, 26
0, 32928, 32
1, 108076, 2
0, 32960, 32
1, 108078, 22
0, 32992, 64
1, 108100, 14
0, 33056, 64
1, 108114, 14
0, 33120, 64
1, 108128, 12
0, 33184, 32
1, 108140, 2
0, 33216, 32
1, 108142, 12
0, 33248, 64
1, 108154, 26
0, 33312, 32
1, 108180, 2
0, 33344, 32
1, 108182, 12
0, 33376, 64
1, 108194, 12
0, 33440, 32
1, 108206, 2
0, 33472, 32
1, 108208, 12
0, 33504, 64
1, 108220, 14
0, 33568, 32
1, 108234, 2
0, 33600, 96
1, 108236, 10
0, 33696, 64
1, 108246, 18
0, 33760, 32
1, 108264, 2
0, 33792, 32
1, 108266, 16
0, 33824, 64
1, 108282, 10
0, 33888, 32
1, 108292, 2
0, 33920, 32
1, 108294, 16
0, 33952, 32
1, 108310, 2
0, 33984, 32
1, 108312, 12
0, 34016, 128
1, 108324, 26
0, 34144, 32
1, 108350, 2
0, 34176, 32
1, 108352, 12
0, 34208, 64
1, 108364, 12
0, 34272, 64
1, 108376, 28
0, 34336, 32
1, 108404, 2
0, 34368, 32
1, 108406, 26
0, 34400, 64
1, 108432, 24
0, 34464, 64
1, 108456, 26
0, 34528, 32
1, 108482, 2
0, 34560, 32
1, 108484, 12
0, 34592, 64
1, 108496, 2
0, 34656, 64
1, 108498, 10
0, 34720, 64
1, 108508, 12
0, 34784, 32
1, 108520, 2
0, 34816, 96
1, 108522, 12
0, 34912, 32
1, 108534, 2
0, 34944, 32
1, 108536, 12
0, 34976, 64
1, 108548, 8
0, 35040, 64
1, 108556, 4
0, 35104, 32
1, 108560, 2
0, 35136, 32
1, 108562, 12
0, 35168, 64
1, 108574, 2
0, 35232, 64
1, 108576, 24
0, 35296, 64
1, 108600, 2
0, 35360, 64
1, 108602, 12
0, 35424, 64
1, 108614, 12
0, 35488, 64
1, 108626, 6
0, 35552, 32
1, 108632, 2
0, 35584, 32
1, 108634, 6
0, 35616, 64
1, 108640, 10
0, 35680, 32
1, 108650, 2
0, 35712, 96
1, 108652, 14
0, 35808, 32
1, 108666, 2
0, 35840, 96
1, 108668, 12
0, 35936, 32
1, 108680, 2
0, 35968, 32
1, 108682, 10
0, 36000, 64
1, 108692, 2
0, 36064, 64
1, 108694, 12
0, 36128, 64
1, 108706, 4
0, 36192, 32
1, 108710, 2
0, 36224, 32
1, 108712, 6
0, 36256, 64
1, 108718, 2
0, 36320, 64
1, 108720, 10
0, 36384, 64
1, 108730, 14
0, 36448, 32
1, 108744, 2
0, 36480, 96
1, 108746, 2
0, 36576, 64
1, 108748, 8
0, 36640, 64
1, 108756, 2
0, 36704, 64
1, 108758, 12
0, 36768, 64
1, 108770, 2
0, 36832, 64
1, 108772, 14
0, 36896, 64
1, 108786, 10
0, 36960, 64
1, 108796, 14
0, 37024, 32
1, 108810, 2
0, 37056, 32
1, 108812, 12
0, 37088, 64
1, 108824, 12
0, 37152, 32
1, 108836, 2
0, 37184, 32
1, 108838, 12
0, 37216, 64
1, 108850, 12
0, 37280, 32
1, 108862, 2
0, 37312, 32
1, 108864, 26
0, 37344, 64
1, 108890, 12
0, 37408, 32
1, 108902, 2
0, 37440, 32
1, 108904, 24
0, 37472, 32
1, 108928, 2
0, 37504, 32
1, 108930, 24
0, 37536, 64
1, 108954, 40
0, 37600, 32
1, 108994, 2
0, 37632, 96
1, 108996, 38
0, 37728, 64
1, 109034, 38
0, 37792, 32
1, 109072, 2
0, 37824, 32
1, 109074, 30
0, 37856, 64
1, 109104, 32
0, 37920, 64
1, 109136, 14
0, 37984, 32
1, 109150, 2
0, 38016, 32
1, 109152, 30
0, 38048, 64
1, 109182, 8
0, 38112, 32
1, 109190, 2
0, 38144, 96
1, 109192, 12
0, 38240, 64
1, 109204, 12
0, 38304, 32
1, 109216, 2
0, 38336, 32
1, 109218, 12
0, 38368, 128
1, 109230, 12
0, 38496, 64
1, 109242, 14
0, 38560, 32
1, 109256, 2
0, 38592, 32
1, 109258, 12
0, 38624, 64
1, 109270, 12
0, 38688, 32
1, 109282, 2
0, 38720, 32
1, 109284, 12
0, 38752, 64
1, 109296, 2
0, 38816, 64
1, 109298, 12
0, 38880, 32
1, 109310, 2
0, 38912, 32
1, 109312, 10
0, 38944, 64
1, 109322, 2
0, 39008, 64
1, 109324, 12
0, 39072, 64
1, 109336, 10
0, 39136, 32
1, 109346, 2
0, 39168, 32
1, 109348, 4
0, 39200, 64
1, 109352, 22
0, 39264, 64
1, 109374, 12
0, 39328, 32
1, 109386, 2
0, 39360, 32
1, 109388, 12
0, 39392, 64
1, 109400, 26
0, 39456, 64
1, 109426, 14
0, 39520, 32
1, 109440, 2
0, 39552, 32
1, 109442, 10
0, 39584, 64
1, 109452, 14
0, 39648, 32
1, 109466, 2
0, 39680, 32
1, 109468, 12
0, 39712, 64
1, 109480, 12
0, 39776, 64
1, 109492, 18
0, 39840, 32
1, 109510, 2
0, 39872, 32
1, 109512, 20
0, 39904, 64
1, 109532, 14
0, 39968, 32
1, 109546, 2
0, 40000, 32
1, 109548, 8
0, 40032, 64
1, 109556, 28
0, 40096, 32
1, 109584, 2
0, 40128, 32
1, 109586, 22
0, 40160, 64
1, 109608, 14
0, 40224, 64
1, 109622, 14
0, 40288, 32
1, 109636, 2
0, 40320, 32
1, 109638, 36
0, 40352, 64
1, 109674, 16
0, 40416, 32
1, 109690, 2
0, 40448, 32
1, 109692, 10
0, 40480, 64
1, 109702, 14
0, 40544, 32
1, 109716, 2
0, 40576, 32
1, 109718, 8
0, 40608, 64
1, 109726, 16
0, 40672, 32
1, 109742, 2
0, 40704, 32
1, 109744, 12
0, 40736, 64
1, 109756, 24
0, 40800, 64
1, 109780, 40
0, 40864, 32
1, 109820, 2
0, 40896, 32
1, 109822, 24
0, 40928, 64
1, 109846, 2
0, 40992, 32
1, 109848, 2
0, 41024, 32
1, 109850, 36
0, 41056, 128
1, 109886, 40
0, 41184, 128
1, 109926, 40
0, 41312, 32
1, 109966, 2
0, 41344, 96
1, 109968, 36
0, 41440, 64
1, 110004, 20
0, 41504, 32
1, 110024, 2
0, 41536, 32
1, 110026, 16
0, 41568, 128
1, 110042, 28
0, 41696, 32
1, 110070, 2
0, 41728, 32
1, 110072, 22
0, 41760, 64
1, 110094, 14
0, 41824, 32
1, 110108, 2
0, 41856, 32
1, 110110, 12
0, 41888, 64
1, 110122, 24
0, 41952, 32
1, 110146, 2
0, 41984, 32
1, 110148, 22
0, 42016, 64
1, 110170, 30
0, 42080, 32
1, 110200, 2
0, 42112, 32
1, 110202, 38
0, 42144, 32
1, 110240, 2
0, 42176, 32
1, 110242, 24
0, 42208, 64
1, 110266, 12
0, 42272, 32
1, 110278, 2
0, 42304, 96
1, 110280, 12
0, 42400, 128
1, 110292, 74
0, 42528, 64
1, 110366, 14
0, 42592, 64
1, 110380, 2
0, 42656, 32
1, 110382, 2
0, 42688, 32
1, 110384, 12
0, 42720, 64
1, 110396, 14
0, 42784, 32
1, 110410, 2
0, 42816, 32
1, 110412, 10
0, 42848, 64
1, 110422, 2
0, 42912, 64
1, 110424, 12
0, 42976, 64
1, 110436, 14
0, 43040, 32
1, 110450, 2
0, 43072, 96
1, 110452, 10
0, 43168, 32
1, 110462, 2
0, 43200, 32
1, 110464, 8
0, 43232, 64
1, 110472, 20
0, 43296, 32
1, 110492, 2
0, 43328, 32
1, 110494, 8
0, 43360, 64
1, 110502, 40
0, 43424, 64
1, 110542, 24
0, 43488, 32
1, 110566, 2
0, 43520, 32
1, 110568, 38
0, 43552, 64
1, 110606, 26
0, 43616, 32
1, 110632, 2
0, 43648, 32
1, 110634, 24
0, 43680, 64
1, 110658, 24
0, 43744, 64
1, 110682, 30
0, 43808, 32
1, 110712, 2
0, 43840, 32
1, 110714, 24
0, 43872, 64
1, 110738, 26
0, 43936, 32
1, 110764, 2
0, 43968, 32
1, 110766, 12
0, 44000, 32
1, 110778, 2
0, 44032, 32
1, 110780, 22
0, 44064, 64
1, 110802, 28
0, 44128, 32
1, 110830, 2
0, 44160, 32
1, 110832, 24
0, 44192, 32
1, 110856, 2
0, 44224, 32
1, 110858, 10
0, 44256, 64
1, 110868, 14
0, 44320, 32
1, 110882, 2
0, 44352, 32
1, 110884, 24
0, 44384, 64
1, 110908, 14
0, 44448, 32
1, 110922, 2
0, 44480, 32
1, 110924, 24
0, 44512, 64
1, 110948, 26
0, 44576, 32
1, 110974, 2
0, 44608, 32
1, 110976, 10
0, 44640, 32
1, 110986, 2
0, 44672, 32
1, 110988, 24
0, 44704, 64
1, 111012, 26
0, 44768, 32
1, 111038, 2
0, 44800, 32
1, 111040, 12
0, 44832, 64
1, 111052, 26
0, 44896, 64
1, 111078, 28
0, 44960, 32
1, 111106, 2
0, 44992, 32
1, 111108, 10
0, 45024, 64
1, 111118, 14
0, 45088, 64
1, 111132, 40
0, 45152, 32
1, 111172, 2
0, 45184, 32
1, 111174, 38
0, 45216, 64
1, 111212, 10
0, 45280, 32
1, 111222, 2
0, 45312, 32
1, 111224, 24
0, 45344, 64
1, 111248, 14
0, 45408, 64
1, 111262, 14
0, 45472, 32
1, 111276, 2
0, 45504, 32
1, 111278, 34
0, 45536, 64
1, 111312, 18
0, 45600, 32
1, 111330, 2
0, 45632, 32
1, 111332, 22
0, 45664, 64
1, 111354, 28
0, 45728, 32
1, 111382, 2
0, 45760, 96
1, 111384, 10
0, 45856, 32
1, 111394, 2
0, 45888, 32
1, 111396, 22
0, 45920, 32
1, 111418, 2
0, 45952, 32
1, 111420, 14
0, 45984, 64
1, 111434, 24
0, 46048, 64
1, 111458, 2
0, 46112, 64
1, 111460, 12
0, 46176, 32
1, 111472, 2
0, 46208, 32
1, 111474, 12
0, 46240, 64
1, 111486, 12
0, 46304, 32
1, 111498, 2
0, 46336, 32
1, 111500, 16
0, 46368, 64
1, 111516, 22
0, 46432, 64
1, 111538, 26
0, 46496, 32
1, 111564, 2
0, 46528, 32
1, 111566, 12
0, 46560, 64
1, 111578, 20
0, 46624, 64
1, 111598, 26
0, 46688, 32
1, 111624, 2
0, 46720, 32
1, 111626, 16
0, 46752, 64
1, 111642, 2
0, 46816, 64
1, 111644, 12
0, 46880, 64
1, 111656, 12
0, 46944, 64
1, 111668, 14
0, 47008, 32
1, 111682, 2
0, 47040, 32
1, 111684, 12
0, 47072, 64
1, 111696, 2
0, 47136, 64
1, 111698, 10
0, 47200, 64
1, 111708, 16
0, 47264, 32
1, 111724, 2
0, 47296, 32
1, 111726, 22
0, 47328, 64
1, 111748, 26
0, 47392, 32
1, 111774, 2
0, 47424, 32
1, 111776, 14
0, 47456, 64
1, 111790, 36
0, 47520, 128
1, 111826, 26
0, 47648, 64
1, 111852, 14
0, 47712, 32
1, 111866, 2
0, 47744, 32
1, 111868, 4
0, 47776, 64
1, 111872, 20
0, 47840, 32
1, 111892, 2
0, 47872, 32
1, 111894, 10
0, 47904, 64
1, 111904, 14
0, 47968, 32
1, 111918, 2
0, 48000, 32
1, 111920, 26
0, 48032, 64
1, 111946, 12
0, 48096, 64
1, 111958, 14
0, 48160, 32
1, 111972, 2
0, 48192, 32
1, 111974, 32
0, 48224, 64
1, 112006, 30
0, 48288, 32
1, 112036, 2
0, 48320, 32
1, 112038, 24
0, 48352, 64
1, 112062, 26
0, 48416, 64
1, 112088, 30
0, 48480, 32
1, 112118, 2
0, 48512, 32
1, 112120, 22
0, 48544, 64
1, 112142, 26
0, 48608, 32
1, 112168, 2
0, 48640, 32
1, 112170, 12
0, 48672, 64
1, 112182, 12
0, 48736, 32
1, 112194, 2
0, 48768, 32
1, 112196, 12
0, 48800, 64
1, 112208, 26
0, 48864, 32
1, 112234, 2
0, 48896, 32
1, 112236, 10
0, 48928, 64
1, 112246, 12
0, 48992, 32
1, 112258, 2
0, 49024, 32
1, 112260, 12
0, 49056, 32
1, 112272, 2
0, 49088, 32
1, 112274, 10
0, 49120, 64
1, 112284, 28
0, 49184, 32
1, 112312, 2
0, 49216, 32
1, 112314, 10
0, 49248, 64
1, 112324, 16
0, 49312, 64
1, 112340, 24
0, 49376, 32
1, 112364, 2
0, 49408, 32
1, 112366, 12
0, 49440, 64
1, 112378, 26
0, 49504, 64
1, 112404, 14
0, 49568, 32
1, 112418, 2
0, 49600, 32
1, 112420, 10
0, 49632, 64
1, 112430, 10
0, 49696, 32
1, 112440, 2
0, 49728, 32
1, 112442, 24
0, 49760, 32
1, 112466, 2
0, 49792, 32
1, 112468, 26
0, 49824, 64
1, 112494, 14
0, 49888, 32
1, 112508, 2
0, 49920, 32
1, 112510, 12
0, 49952, 64
1, 112522, 12
0, 50016, 64
1, 112534, 14
0, 50080, 32
1, 112548, 2
0, 50112, 32
1, 112550, 12
0, 50144, 64
1, 112562, 12
0, 50208, 32
1, 112574, 2
0, 50240, 32
1, 112576, 24
0, 50272, 32
1, 112600, 2
0, 50304, 32
1, 112602, 12
0, 50336, 64
1, 112614, 14
0, 50400, 32
1, 112628, 2
0, 50432, 32
1, 112630, 24
0, 50464, 64
1, 112654, 2
0, 50528, 64
1, 112656, 8
0, 50592, 32
1, 112664, 2
0, 50624, 32
1, 112666, 12
0, 50656, 64
1, 112678, 26
0, 50720, 32
1, 112704, 2
0, 50752, 32
1, 112706, 12
0, 50784, 64
1, 112718, 14
0, 50848, 64
1, 112732, 12
0, 50912, 32
1, 112744, 2
0, 50944, 32
1, 112746, 24
0, 50976, 64
1, 112770, 14
0, 51040, 32
1, 112784, 2
0, 51072, 32
1, 112786, 12
0, 51104, 64
1, 112798, 18
0, 51168, 32
1, 112816, 2
0, 51200, 32
1, 112818, 20
0, 51232, 64
1, 112838, 26
0, 51296, 32
1, 112864, 2
0, 51328, 96
1, 112866, 50
0, 51424, 64
1, 112916, 38
0, 51488, 64
1, 112954, 40
0, 51552, 64
1, 112994, 14
0, 51616, 128
1, 113008, 66
0, 51744, 32
1, 113074, 2
0, 51776, 32
1, 113076, 8
0, 51808, 64
1, 113084, 30
0, 51872, 64
1, 113114, 40
0, 51936, 64
1, 113154, 24
0, 52000, 32
1, 113178, 2
0, 52032, 32
1, 113180, 10
0, 52064, 64
1, 113190, 14
0, 52128, 32
1, 113204, 2
0, 52160, 32
1, 113206, 12
0, 52192, 32
1, 113218, 2
0, 52224, 96
1, 113220, 10
0, 52320, 64
1, 113230, 14
0, 52384, 32
1, 113244, 2
0, 52416, 32
1, 113246, 8
0, 52448, 64
1, 113254, 16
0, 52512, 64
1, 113270, 24
0, 52576, 32
1, 113294, 2
0, 52608, 32
1, 113296, 12
0, 52640, 64
1, 113308, 26
0, 52704, 64
1, 113334, 14
0, 52768, 32
1, 113348, 2
0, 52800, 32
1, 113350, 24
0, 52832, 64
1, 113374, 26
0, 52896, 64
1, 113400, 18
0, 52960, 32
1, 113418, 2
0, 52992, 32
1, 113420, 20
0, 53024, 64
1, 113440, 24
0, 53088, 32
1, 113464, 2
0, 53120, 32
1, 113466, 28
0, 53152, 64
1, 113494, 4
0, 53216, 32
1, 113498, 2
0, 53248, 32
1, 113500, 18
0, 53280, 64
1, 113518, 12
0, 53344, 32
1, 113530, 2
0, 53376, 32
1, 113532, 26
0, 53408, 64
1, 113558, 12
0, 53472, 32
1, 113570, 2
0, 53504, 32
1, 113572, 12
0, 53536, 64
1, 113584, 26
0, 53600, 32
1, 113610, 2
0, 53632, 96
1, 113612, 12
0, 53728, 64
1, 113624, 12
0, 53792, 32
1, 113636, 2
0, 53824, 32
1, 113638, 26
0, 53856, 32
1, 113664, 2
0, 53888, 32
1, 113666, 22
0, 53920, 64
1, 113688, 26
0, 53984, 32
1, 113714, 2
0, 54016, 32
1, 113716, 24
0, 54048, 32
1, 113740, 2
0, 54080, 32
1, 113742, 12
0, 54112, 64
1, 113754, 34
0, 54176, 32
1, 113788, 2
0, 54208, 32
1, 113790, 30
0, 54240, 64
1, 113820, 26
0, 54304, 32
1, 113846, 2
0, 54336, 32
1, 113848, 26
0, 54368, 64
1, 113874, 18
0, 54432, 64
1, 113892, 18
0, 54496, 32
1, 113910, 2
0, 54528, 32
1, 113912, 24
0, 54560, 64
1, 113936, 14
0, 54624, 32
1, 113950, 2
0, 54656, 32
1, 113952, 12
0, 54688, 64
1, 113964, 26
0, 54752, 32
1, 113990, 2
0, 54784, 32
1, 113992, 12
0, 54816, 64
1, 114004, 26
0, 54880, 64
1, 114030, 20
0, 54944, 32
1, 114050, 2
0, 54976, 32
1, 114052, 6
0, 55008, 64
1, 114058, 12
0, 55072, 32
1, 114070, 2
0, 55104, 32
1, 114072, 16
0, 55136, 64
1, 114088, 6
0, 55200, 32
1, 114094, 2
0, 55232, 32
1, 114096, 12
0, 55264, 64
1, 114108, 26
0, 55328, 64
1, 114134, 32
0, 55392, 64
1, 114166, 20
0, 55456, 32
1, 114186, 2
0, 55488, 96
1, 114188, 38
0, 55584, 64
1, 114226, 14
0, 55648, 32
1, 114240, 2
0, 55680, 32
1, 114242, 24
0, 55712, 64
1, 114266, 14
0, 55776, 32
1, 114280, 2
0, 55808, 32
1, 114282, 22
0, 55840, 32
1, 114304, 2
0, 55872, 32
1, 114306, 14
0, 55904, 64
1, 114320, 10
0, 55968, 32
1, 114330, 2
0, 56000, 32
1, 114332, 12
0, 56032, 64
1, 114344, 26
0, 56096, 32
1, 114370, 2
0, 56128, 32
1, 114372, 12
0, 56160, 64
1, 114384, 2
0, 56224, 64
1, 114386, 10
0, 56288, 64
1, 114396, 2
0, 56352, 64
1, 114398, 12
0, 56416, 32
1, 114410, 2
0, 56448, 32
1, 114412, 12
0, 56480, 64
1, 114424, 6
0, 56544, 64
1, 114430, 34
0, 56608, 64
1, 114464, 12
0, 56672, 32
1, 114476, 2
0, 56704, 32
1, 114478, 12
0, 56736, 128
1, 114490, 20
0, 56864, 64
1, 114510, 4
0, 56928, 32
1, 114514, 2
0, 56960, 32
1, 114516, 14
0, 56992, 128
1, 114530, 24
0, 57120, 32
1, 114554, 2
0, 57152, 96
1, 114556, 24
0, 57248, 64
1, 114580, 14
0, 57312, 32
1, 114594, 2
0, 57344, 32
1, 114596, 10
0, 57376, 64
1, 114606, 14
0, 57440, 32
1, 114620, 2
0, 57472, 32
1, 114622, 20
0, 57504, 64
1, 114642, 16
0, 57568, 64
1, 114658, 2
0, 57632, 32
1, 114660, 2
0, 57664, 96
1, 114662, 30
0, 57760, 64
1, 114692, 24
0, 57824, 32
1, 114716, 2
0, 57856, 32
1, 114718, 22
0, 57888, 64
1, 114740, 10
0, 57952, 32
1, 114750, 2
0, 57984, 32
1, 114752, 12
0, 58016, 64
1, 114764, 12
0, 58080, 64
1, 114776, 14
0, 58144, 64
1, 114790, 2
0, 58208, 64
1, 114792, 12
0, 58272, 64
1, 114804, 12
0, 58336, 32
1, 114816, 2
0, 58368, 32
1, 114818, 12
0, 58400, 64
1, 114830, 14
0, 58464, 64
1, 114844, 2
0, 58528, 64
1, 114846, 10
0, 58592, 64
1, 114856, 14
0, 58656, 32
1, 114870, 2
0, 58688, 32
1, 114872, 10
0, 58720, 64
1, 114882, 14
0, 58784, 64
1, 114896, 14
0, 58848, 32
1, 114910, 2
0, 58880, 32
1, 114912, 10
0, 58912, 64
1, 114922, 12
0, 58976, 32
1, 114934, 2
0, 59008, 32
1, 114936, 14
0, 59040, 64
1, 114950, 2
0, 59104, 64
1, 114952, 8
0, 59168, 32
1, 114960, 2
0, 59200, 96
1, 114962, 2
0, 59296, 128
1, 114964, 10
0, 59424, 32
1, 114974, 2
0, 59456, 32
1, 114976, 10
0, 59488, 64
1, 114986, 2
0, 59552, 64
1, 114988, 12
0, 59616, 32
1, 115000, 2
0, 59648, 96
1, 115002, 2
0, 59744, 64
1, 115004, 10
0, 59808, 64
1, 115014, 4
0, 59872, 32
1, 115018, 2
0, 59904, 32
1, 115020, 6
0, 59936, 64
1, 115026, 14
0, 60000, 32
1, 115040, 2
0, 60032, 96
1, 115042, 10
0, 60128, 64
1, 115052, 2
0, 60192, 64
1, 115054, 12
0, 60256, 64
1, 115066, 2
0, 60320, 64
1, 115068, 12
0, 60384, 64
1, 115080, 12
0, 60448, 32
1, 115092, 2
0, 60480, 32
1, 115094, 12
0, 60512, 32
1, 115106, 2
0, 60544, 96
1, 115108, 12
0, 60640, 32
1, 115120, 2
0, 60672, 96
1, 115122, 10
0, 60768, 32
1, 115132, 2
0, 60800, 96
1, 115134, 10
0, 60896, 32
1, 115144, 2
0, 60928, 32
1, 115146, 10
0, 60960, 64
1, 115156, 14
0, 61024, 32
1, 115170, 2
0, 61056, 96
1, 115172, 12
0, 61152, 32
1, 115184, 2
0, 61184, 32
1, 115186, 10
0, 61216, 64
1, 115196, 14
0, 61280, 32
1, 115210, 2
0, 61312, 32
1, 115212, 12
0, 61344, 64
1, 115224, 10
0, 61408, 32
1, 115234, 2
0, 61440, 32
1, 115236, 2
0, 61472, 64
1, 115238, 12
0, 61536, 32
1, 115250, 2
0, 61568, 96
1, 115252, 10
0, 61664, 32
1, 115262, 2
0, 61696, 96
1, 115264, 2
0, 61792, 64
1, 115266, 10
0, 61856, 64
1, 115276, 2
0, 61920, 64
1, 115278, 12
0, 61984, 64
1, 115290, 2
0, 62048, 128
1, 115292, 10
0, 62176, 64
1, 115302, 2
0, 62240, 128
1, 115304, 2
0, 62368, 64
1, 115306, 10
0, 62432, 64
1, 115316, 2
0, 62496, 128
1, 115318, 12
0, 62624, 32
1, 115330, 2
0, 62656, 96
1, 115332, 10
0, 62752, 64
1, 115342, 2
0, 62816, 128
1, 115344, 10
0, 62944, 32
1, 115354, 2
0, 62976, 96
1, 115356, 50
0, 63072, 128
1, 115406, 36
0, 63200, 32
1, 115442, 2
0, 63232, 32
1, 115444, 28
0, 63264, 32
1, 115472, 2
0, 63296, 32
1, 115474, 24
0, 63328, 64
1, 115498, 14
0, 63392, 32
1, 115512, 2
0, 63424, 32
1, 115514, 12
0, 63456, 64
1, 115526, 12
0, 63520, 64
1, 115538, 14
0, 63584, 32
1, 115552, 2
0, 63616, 32
1, 115554, 16
0, 63648, 64
1, 115570, 20
0, 63712, 32
1, 115590, 2
0, 63744, 32
1, 115592, 24
0, 63776, 64
1, 115616, 14
0, 63840, 32
1, 115630, 2
0, 63872, 32
1, 115632, 10
0, 63904, 64
1, 115642, 14
0, 63968, 32
1, 115656, 2
0, 64000, 96
1, 115658, 12
0, 64096, 64
1, 115670, 2
0, 64160, 64
1, 115672, 10
0, 64224, 64
1, 115682, 2
0, 64288, 128
1, 115684, 12
0, 64416, 32
1, 115696, 2
0, 64448, 96
1, 115698, 12
0, 64544, 32
1, 115710, 2
0, 64576, 96
1, 115712, 2
0, 64672, 128
1, 115714, 8
0, 64800, 32
1, 115722, 2
0, 64832, 96
1, 115724, 12
0, 64928, 32
1, 115736, 2
0, 64960, 96
1, 115738, 2
0, 65056, 64
1, 115740, 6
0, 65120, 32
1, 115746, 2
0, 65152, 96
1, 115748, 14
0, 65248, 32
1, 115762, 2
0, 65280, 96
1, 115764, 10
0, 65376, 32
1, 115774, 2
0, 65408, 96
1, 115776, 2
0, 65504, 128
1, 115778, 8
0, 65632, 32
1, 115786, 2
0, 65664, 96
1, 115788, 8
0, 65760, 64
1, 115796, 4
0, 65824, 32
1, 115800, 2
0, 65856, 96
1, 115802, 10
0, 65952, 32
1, 115812, 2
0, 65984, 32
1, 115814, 12
0, 66016, 64
1, 115826, 2
0, 66080, 128
1, 115828, 24
0, 66208, 32
1, 115852, 2
0, 66240, 32
1, 115854, 12
0, 66272, 64
1, 115866, 14
0, 66336, 32
1, 115880, 2
0, 66368, 32
1, 115882, 10
0, 66400, 32
1, 115892, 2
0, 66432, 96
1, 115894, 12
0, 66528, 32
1, 115906, 2
0, 66560, 32
1, 115908, 22
0, 66592, 64
1, 115930, 2
0, 66656, 32
1, 115932, 2
0, 66688, 32
1, 115934, 12
0, 66720, 64
1, 115946, 2
0, 66784, 64
1, 115948, 10
0, 66848, 64
1, 115958, 14
0, 66912, 32
1, 115972, 2
0, 66944, 32
1, 115974, 12
0, 66976, 64
1, 115986, 2
0, 67040, 64
1, 115988, 8
0, 67104, 32
1, 115996, 2
0, 67136, 32
1, 115998, 12
0, 67168, 64
1, 116010, 2
0, 67232, 64
1, 116012, 10
0, 67296, 64
1, 116022, 14
0, 67360, 32
1, 116036, 2
0, 67392, 96
1, 116038, 12
0, 67488, 32
1, 116050, 2
0, 67520, 96
1, 116052, 24
0, 67616, 64
1, 116076, 4
0, 67680, 32
1, 116080, 2
0, 67712, 32
1, 116082, 8
0, 67744, 64
1, 116090, 12
0, 67808, 32
1, 116102, 2
0, 67840, 32
1, 116104, 4
0, 67872, 64
1, 116108, 8
0, 67936, 32
1, 116116, 2
0, 67968, 32
1, 116118, 10
0, 68000, 64
1, 116128, 14
0, 68064, 32
1, 116142, 2
0, 68096, 96
1, 116144, 12
0, 68192, 32
1, 116156, 2
0, 68224, 96
1, 116158, 10
0, 68320, 32
1, 116168, 2
0, 68352, 32
1, 116170, 12
0, 68384, 64
1, 116182, 10
0, 68448, 32
1, 116192, 2
0, 68480, 32
1, 116194, 12
0, 68512, 64
1, 116206, 14
0, 68576, 64
1, 116220, 12
0, 68640, 32
1, 116232, 2
0, 68672, 96
1, 116234, 12
0, 68768, 32
1, 116246, 2
0, 68800, 32
1, 116248, 12
0, 68832, 64
1, 116260, 2
0, 68896, 64
1, 116262, 10
0, 68960, 32
1, 116272, 2
0, 68992, 32
1, 116274, 12
0, 69024, 64
1, 116286, 12
0, 69088, 32
1, 116298, 2
0, 69120, 32
1, 116300, 12
0, 69152, 64
1, 116312, 14
0, 69216, 32
1, 116326, 2
0, 69248, 32
1, 116328, 24
0, 69280, 32
1, 116352, 2
0, 69312, 32
1, 116354, 20
0, 69344, 64
1, 116374, 4
0, 69408, 32
1, 116378, 2
0, 69440, 32
1, 116380, 12
0, 69472, 64
1, 116392, 10
0, 69536, 32
1, 116402, 2
0, 69568, 32
1, 116404, 12
0, 69600, 64
1, 116416, 14
0, 69664, 64
1, 116430, 2
0, 69728, 64
1, 116432, 10
0, 69792, 64
1, 116442, 14
0, 69856, 64
1, 116456, 14
0, 69920, 32
1, 116470, 2
0, 69952, 32
1, 116472, 10
0, 69984, 64
1, 116482, 4
0, 70048, 32
1, 116486, 2
0, 70080, 32
1, 116488, 8
0, 70112, 64
1, 116496, 12
0, 70176, 32
1, 116508, 2
0, 70208, 96
1, 116510, 12
0, 70304, 32
1, 116522, 2
0, 70336, 32
1, 116524, 10
0, 70368, 64
1, 116534, 2
0, 70432, 32
1, 116536, 2
0, 70464, 32
1, 116538, 10
0, 70496, 64
1, 116548, 14
0, 70560, 64
1, 116562, 10
0, 70624, 64
1, 116572, 16
0, 70688, 32
1, 116588, 2
0, 70720, 96
1, 116590, 22
0, 70816, 32
1, 116612, 2
0, 70848, 32
1, 116614, 12
0, 70880, 64
1, 116626, 14
0, 70944, 64
1, 116640, 12
0, 71008, 32
1, 116652, 2
0, 71040, 32
1, 116654, 12
0, 71072, 64
1, 116666, 12
0, 71136, 32
1, 116678, 2
0, 71168, 96
1, 116680, 12
0, 71264, 64
1, 116692, 26
0, 71328, 32
1, 116718, 2
0, 71360, 32
1, 116720, 12
0, 71392, 64
1, 116732, 2
0, 71456, 64
1, 116734, 12
0, 71520, 64
1, 116746, 12
0, 71584, 64
1, 116758, 2
0, 71648, 64
1, 116760, 12
0, 71712, 64
1, 116772, 10
0, 71776, 32
1, 116782, 2
0, 71808, 32
1, 116784, 14
0, 71840, 64
1, 116798, 2
0, 71904, 64
1, 116800, 12
0, 71968, 64
1, 116812, 10
0, 72032, 64
1, 116822, 14
0, 72096, 32
1, 116836, 2
0, 72128, 96
1, 116838, 12
0, 72224, 32
1, 116850, 2
0, 72256, 32
1, 116852, 10
0, 72288, 32
1, 116862, 2
0, 72320, 96
1, 116864, 12
0, 72416, 32
1, 116876, 2
0, 72448, 32
1, 116878, 10
0, 72480, 64
1, 116888, 14
0, 72544, 32
1, 116902, 2
0, 72576, 32
1, 116904, 12
0, 72608, 64
1, 116916, 12
0, 72672, 64
1, 116928, 14
0, 72736, 64
1, 116942, 12
0, 72800, 32
1, 116954, 2
0, 72832, 96
1, 116956, 12
0, 72928, 32
1, 116968, 2
0, 72960, 32
1, 116970, 12
0, 72992, 64
1, 116982, 10
0, 73056, 32
1, 116992, 2
0, 73088, 96
1, 116994, 14
0, 73184, 32
1, 117008, 2
0, 73216, 32
1, 117010, 12
0, 73248, 64
1, 117022, 10
0, 73312, 32
1, 117032, 2
0, 73344, 32
1, 117034, 12
0, 73376, 32
1, 117046, 2
0, 73408, 96
1, 117048, 10
0, 73504, 32
1, 117058, 2
0, 73536, 32
1, 117060, 12
0, 73568, 64
1, 117072, 14
0, 73632, 32
1, 117086, 2
0, 73664, 96
1, 117088, 10
0, 73760, 64
1, 117098, 14
0, 73824, 32
1, 117112, 2
0, 73856, 32
1, 117114, 12
0, 73888, 64
1, 117126, 2
0, 73952, 64
1, 117128, 10
0, 74016, 64
1, 117138, 16
0, 74080, 64
1, 117154, 10
0, 74144, 32
1, 117164, 2
0, 74176, 32
1, 117166, 12
0, 74208, 64
1, 117178, 2
0, 74272, 64
1, 117180, 12
0, 74336, 64
1, 117192, 10
0, 74400, 64
1, 117202, 2
0, 74464, 64
1, 117204, 14
0, 74528, 32
1, 117218, 2
0, 74560, 96
1, 117220, 12
0, 74656, 32
1, 117232, 2
0, 74688, 96
1, 117234, 8
0, 74784, 32
1, 117242, 2
0, 74816, 32
1, 117244, 8
0, 74848, 64
1, 117252, 8
0, 74912, 64
1, 117260, 8
0, 74976, 32
1, 117268, 2
0, 75008, 96
1, 117270, 12
0, 75104, 32
1, 117282, 2
0, 75136, 96
1, 117284, 12
0, 75232, 32
1, 117296, 2
0, 75264, 96
1, 117298, 10
0, 75360, 32
1, 117308, 2
0, 75392, 32
1, 117310, 2
0, 75424, 64
1, 117312, 24
0, 75488, 64
1, 117336, 14
0, 75552, 64
1, 117350, 12
0, 75616, 64
1, 117362, 2
0, 75680, 64
1, 117364, 10
0, 75744, 32
1, 117374, 2
0, 75776, 96
1, 117376, 12
0, 75872, 32
1, 117388, 2
0, 75904, 32
1, 117390, 12
0, 75936, 64
1, 117402, 2
0, 76000, 64
1, 117404, 8
0, 76064, 64
1, 117412, 2
0, 76128, 64
1, 117414, 14
0, 76192, 64
1, 117428, 10
0, 76256, 32
1, 117438, 2
0, 76288, 32
1, 117440, 12
0, 76320, 64
1, 117452, 14
0, 76384, 64
1, 117466, 2
0, 76448, 128
1, 117468, 10
0, 76576, 32
1, 117478, 2
0, 76608, 96
1, 117480, 12
0, 76704, 32
1, 117492, 2
0, 76736, 96
1, 117494, 12
0, 76832, 32
1, 117506, 2
0, 76864, 32
1, 117508, 6
0, 76896, 64
1, 117514, 4
0, 76960, 64
1, 117518, 14
0, 77024, 32
1, 117532, 2
0, 77056, 96
1, 117534, 10
0, 77152, 32
1, 117544, 2
0, 77184, 96
1, 117546, 12
0, 77280, 32
1, 117558, 2
0, 77312, 32
1, 117560, 14
0, 77344, 128
1, 117574, 10
0, 77472, 64
1, 117584, 2
0, 77536, 64
1, 117586, 12
0, 77600, 64
1, 117598, 14
0, 77664, 32
1, 117612, 2
0, 77696, 32
1, 117614, 8
0, 77728, 32
1, 117622, 2
0, 77760, 32
1, 117624, 8
0, 77792, 64
1, 117632, 6
0, 77856, 32
1, 117638, 2
0, 77888, 32
1, 117640, 8
0, 77920, 64
1, 117648, 14
0, 77984, 32
1, 117662, 2
0, 78016, 96
1, 117664, 12
0, 78112, 32
1, 117676, 2
0, 78144, 96
1, 117678, 10
0, 78240, 32
1, 117688, 2
0, 78272, 32
1, 117690, 12
0, 78304, 64
1, 117702, 8
0, 78368, 64
1, 117710, 6
0, 78432, 32
1, 117716, 2
0, 78464, 32
1, 117718, 20
0, 78496, 32
1, 117738, 2
0, 78528, 32
1, 117740, 14
0, 78560, 64
1, 117754, 10
0, 78624, 32
1, 117764, 2
0, 78656, 32
1, 117766, 2
0, 78688, 64
1, 117768, 14
0, 78752, 32
1, 117782, 2
0, 78784, 96
1, 117784, 10
0, 78880, 64
1, 117794, 2
0, 78944, 64
1, 117796, 12
0, 79008, 64
1, 117808, 12
0, 79072, 32
1, 117820, 2
0, 79104, 32
1, 117822, 6
0, 79136, 64
1, 117828, 20
0, 79200, 32
1, 117848, 2
0, 79232, 32
1, 117850, 8
0, 79264, 64
1, 117858, 14
0, 79328, 32
1, 117872, 2
0, 79360, 32
1, 117874, 12
0, 79392, 64
1, 117886, 12
0, 79456, 32
1, 117898, 2
0, 79488, 32
1, 117900, 12
0, 79520, 32
1, 117912, 2
0, 79552, 32
1, 117914, 24
0, 79584, 64
1, 117938, 14
0, 79648, 32
1, 117952, 2
0, 79680, 32
1, 117954, 10
0, 79712, 64
1, 117964, 2
0, 79776, 64
1, 117966, 12
0, 79840, 64
1, 117978, 14
0, 79904, 32
1, 117992, 2
0, 79936, 32
1, 117994, 10
0, 79968, 64
1, 118004, 14
0, 80032, 32
1, 118018, 2
0, 80064, 32
1, 118020, 10
0, 80096, 64
1, 118030, 12
0, 80160, 32
1, 118042, 2
0, 80192, 32
1, 118044, 18
0, 80224, 64
1, 118062, 20
0, 80288, 32
1, 118082, 2
0, 80320, 96
1, 118084, 24
0, 80416, 64
1, 118108, 14
0, 80480, 32
1, 118122, 2
0, 80512, 32
1, 118124, 24
0, 80544, 64
1, 118148, 14
0, 80608, 64
1, 118162, 26
0, 80672, 32
1, 118188, 2
0, 80704, 32
1, 118190, 24
0, 80736, 64
1, 118214, 26
0, 80800, 64
1, 118240, 2
0, 80864, 64
1, 118242, 26
0, 80928, 64
1, 118268, 2
0, 80992, 64
1, 118270, 8
0, 81056, 32
1, 118278, 2
0, 81088, 32
1, 118280, 12
0, 81120, 64
1, 118292, 12
0, 81184, 32
1, 118304, 2
0, 81216, 32
1, 118306, 26
0, 81248, 64
1, 118332, 12
0, 81312, 64
1, 118344, 14
0, 81376, 64
1, 118358, 14
0, 81440, 32
1, 118372, 2
0, 81472, 32
1, 118374, 12
0, 81504, 64
1, 118386, 12
0, 81568, 32
1, 118398, 2
0, 81600, 32
1, 118400, 10
0, 81632, 32
1, 118410, 2
0, 81664, 32
1, 118412, 12
0, 81696, 64
1, 118424, 14
0, 81760, 32
1, 118438, 2
0, 81792, 96
1, 118440, 10
0, 81888, 32
1, 118450, 2
0, 81920, 32
1, 118452, 10
0, 81952, 64
1, 118462, 2
0, 82016, 64
1, 118464, 14
0, 82080, 64
1, 118478, 10
0, 82144, 32
1, 118488, 2
0, 82176, 32
1, 118490, 12
0, 82208, 64
1, 118502, 18
0, 82272, 32
1, 118520, 2
0, 82304, 32
1, 118522, 32
0, 82336, 64
1, 118554, 26
0, 82400, 32
1, 118580, 2
0, 82432, 32
1, 118582, 12
0, 82464, 64
1, 118594, 2
0, 82528, 64
1, 118596, 12
0, 82592, 64
1, 118608, 12
0, 82656, 32
1, 118620, 2
0, 82688, 96
1, 118622, 26
0, 82784, 32
1, 118648, 2
0, 82816, 32
1, 118650, 10
0, 82848, 64
1, 118660, 12
0, 82912, 32
1, 118672, 2
0, 82944, 32
1, 118674, 24
0, 82976, 64
1, 118698, 14
0, 83040, 32
1, 118712, 2
0, 83072, 32
1, 118714, 12
0, 83104, 64
1, 118726, 26
0, 83168, 64
1, 118752, 2
0, 83232, 64
1, 118754, 10
0, 83296, 64
1, 118764, 2
0, 83360, 128
1, 118766, 12
0, 83488, 32
1, 118778, 2
0, 83520, 96
1, 118780, 10
0, 83616, 32
1, 118790, 2
0, 83648, 32
1, 118792, 12
0, 83680, 64
1, 118804, 24
0, 83744, 64
1, 118828, 16
0, 83808, 32
1, 118844, 2
0, 83840, 32
1, 118846, 24
0, 83872, 64
1, 118870, 24
0, 83936, 32
1, 118894, 2
0, 83968, 32
1, 118896, 28
0, 84000, 128
1, 118924, 24
0, 84128, 64
1, 118948, 12
0, 84192, 32
1, 118960, 2
0, 84224, 32
1, 118962, 12
0, 84256, 64
1, 118974, 14
0, 84320, 32
1, 118988, 2
0, 84352, 32
1, 118990, 10
0, 84384, 64
1, 119000, 2
0, 84448, 64
1, 119002, 12
0, 84512, 64
1, 119014, 14
0, 84576, 32
1, 119028, 2
0, 84608, 32
1, 119030, 10
0, 84640, 64
1, 119040, 14
0, 84704, 32
1, 119054, 2
0, 84736, 32
1, 119056, 10
0, 84768, 64
1, 119066, 8
0, 84832, 32
1, 119074, 2
0, 84864, 32
1, 119076, 4
0, 84896, 64
1, 119080, 12
0, 84960, 64
1, 119092, 12
0, 85024, 32
1, 119104, 2
0, 85056, 32
1, 119106, 12
0, 85088, 64
1, 119118, 14
0, 85152, 32
1, 119132, 2
0, 85184, 32
1, 119134, 10
0, 85216, 64
1, 119144, 2
0, 85280, 64
1, 119146, 12
0, 85344, 64
1, 119158, 12
0, 85408, 32
1, 119170, 2
0, 85440, 32
1, 119172, 12
0, 85472, 64
1, 119184, 2
0, 85536, 64
1, 119186, 12
0, 85600, 32
1, 119198, 2
0, 85632, 96
1, 119200, 10
0, 85728, 32
1, 119210, 2
0, 85760, 32
1, 119212, 2
0, 85792, 64
1, 119214, 10
0, 85856, 32
1, 119224, 2
0, 85888, 32
1, 119226, 12
0, 85920, 64
1, 119238, 12
0, 85984, 64
1, 119250, 14
0, 86048, 32
1, 119264, 2
0, 86080, 32
1, 119266, 10
0, 86112, 64
1, 119276, 14
0, 86176, 32
1, 119290, 2
0, 86208, 32
1, 119292, 14
0, 86240, 64
1, 119306, 34
0, 86304, 64
1, 119340, 14
0, 86368, 32
1, 119354, 2
0, 86400, 32
1, 119356, 12
0, 86432, 64
1, 119368, 26
0, 86496, 64
1, 119394, 26
0, 86560, 32
1, 119420, 2
0, 86592, 32
1, 119422, 24
0, 86624, 64
1, 119446, 14
0, 86688, 64
1, 119460, 14
0, 86752, 32
1, 119474, 2
0, 86784, 32
1, 119476, 10
0, 86816, 64
1, 119486, 14
0, 86880, 32
1, 119500, 2
0, 86912, 32
1, 119502, 10
0, 86944, 64
1, 119512, 12
0, 87008, 32
1, 119524, 2
0, 87040, 32
1, 119526, 12
0, 87072, 64
1, 119538, 4
0, 87136, 32
1, 119542, 2
0, 87168, 32
1, 119544, 20
0, 87200, 64
1, 119564, 2
0, 87264, 128
1, 119566, 4
0, 87392, 32
1, 119570, 2
0, 87424, 32
1, 119572, 18
0, 87456, 64
1, 119590, 14
0, 87520, 32
1, 119604, 2
0, 87552, 32
1, 119606, 22
0, 87584, 64
1, 119628, 16
0, 87648, 64
1, 119644, 12
0, 87712, 32
1, 119656, 2
0, 87744, 32
1, 119658, 12
0, 87776, 64
1, 119670, 24
0, 87840, 32
1, 119694, 2
0, 87872, 32
1, 119696, 14
0, 87904, 64
1, 119710, 10
0, 87968, 32
1, 119720, 2
0, 88000, 32
1, 119722, 12
0, 88032, 64
1, 119734, 14
0, 88096, 32
1, 119748, 2
0, 88128, 96
1, 119750, 24
0, 88224, 64
1, 119774, 14
0, 88288, 32
1, 119788, 2
0, 88320, 32
1, 119790, 10
0, 88352, 64
1, 119800, 14
0, 88416, 32
1, 119814, 2
0, 88448, 32
1, 119816, 10
0, 88480, 64
1, 119826, 14
0, 88544, 32
1, 119840, 2
0, 88576, 32
1, 119842, 12
0, 88608, 64
1, 119854, 12
0, 88672, 32
1, 119866, 2
0, 88704, 32
1, 119868, 12
0, 88736, 32
1, 119880, 2
0, 88768, 32
1, 119882, 12
0, 88800, 64
1, 119894, 26
0, 88864, 32
1, 119920, 2
0, 88896, 32
1, 119922, 8
0, 88928, 64
1, 119930, 14
0, 88992, 64
1, 119944, 14
0, 89056, 32
1, 119958, 2
0, 89088, 32
1, 119960, 10
0, 89120, 64
1, 119970, 14
0, 89184, 32
1, 119984, 2
0, 89216, 32
1, 119986, 12
0, 89248, 64
1, 119998, 12
0, 89312, 32
1, 120010, 2
0, 89344, 32
1, 120012, 12
0, 89376, 64
1, 120024, 12
0, 89440, 32
1, 120036, 2
0, 89472, 32
1, 120038, 16
0, 89504, 64
1, 120054, 22
0, 89568, 32
1, 120076, 2
0, 89600, 32
1, 120078, 12
0, 89632, 64
1, 120090, 14
0, 89696, 32
1, 120104, 2
0, 89728, 32
1, 120106, 10
0, 89760, 64
1, 120116, 14
0, 89824, 32
1, 120130, 2
0, 89856, 32
1, 120132, 8
0, 89888, 64
1, 120140, 14
0, 89952, 64
1, 120154, 14
0, 90016, 32
1, 120168, 2
0, 90048, 32
1, 120170, 10
0, 90080, 64
1, 120180, 14
0, 90144, 64
1, 120194, 16
0, 90208, 32
1, 120210, 2
0, 90240, 32
1, 120212, 8
0, 90272, 64
1, 120220, 14
0, 90336, 32
1, 120234, 2
0, 90368, 32
1, 120236, 10
0, 90400, 64
1, 120246, 2
0, 90464, 64
1, 120248, 12
0, 90528, 32
1, 120260, 2
0, 90560, 32
1, 120262, 12
0, 90592, 64
1, 120274, 2
0, 90656, 128
1, 120276, 2
0, 90784, 64
1, 120278, 8
0, 90848, 64
1, 120286, 14
0, 90912, 32
1, 120300, 2
0, 90944, 32
1, 120302, 8
0, 90976, 64
1, 120310, 16
0, 91040, 32
1, 120326, 2
0, 91072, 32
1, 120328, 12
0, 91104, 64
1, 120340, 2
0, 91168, 64
1, 120342, 8
0, 91232, 64
1, 120350, 14
0, 91296, 64
1, 120364, 16
0, 91360, 32
1, 120380, 2
0, 91392, 32
1, 120382, 8
0, 91424, 64
1, 120390, 14
0, 91488, 64
1, 120404, 12
0, 91552, 64
1, 120416, 14
0, 91616, 32
1, 120430, 2
0, 91648, 32
1, 120432, 12
0, 91680, 64
1, 120444, 2
0, 91744, 64
1, 120446, 10
0, 91808, 64
1, 120456, 14
0, 91872, 32
1, 120470, 2
0, 91904, 96
1, 120472, 12
0, 92000, 32
1, 120484, 2
0, 92032, 32
1, 120486, 10
0, 92064, 64
1, 120496, 14
0, 92128, 32
1, 120510, 2
0, 92160, 96
1, 120512, 8
0, 92256, 32
1, 120520, 2
0, 92288, 96
1, 120522, 14
0, 92384, 64
1, 120536, 2
0, 92448, 64
1, 120538, 8
0, 92512, 64
1, 120546, 2
0, 92576, 64
1, 120548, 12
0, 92640, 64
1, 120560, 2
0, 92704, 64
1, 120562, 12
0, 92768, 64
1, 120574, 4
0, 92832, 32
1, 120578, 2
0, 92864, 32
1, 120580, 6
0, 92896, 64
1, 120586, 14
0, 92960, 32
1, 120600, 2
0, 92992, 96
1, 120602, 2
0, 93088, 32
1, 120604, 2
0, 93120, 32
1, 120606, 8
0, 93152, 64
1, 120614, 12
0, 93216, 32
1, 120626, 2
0, 93248, 96
1, 120628, 12
0, 93344, 32
1, 120640, 2
0, 93376, 96
1, 120642, 12
0, 93472, 64
1, 120654, 2
0, 93536, 64
1, 120656, 10
0, 93600, 64
1, 120666, 2
0, 93664, 64
1, 120668, 12
0, 93728, 32
1, 120680, 2
0, 93760, 96
1, 120682, 10
0, 93856, 32
1, 120692, 2
0, 93888, 96
1, 120694, 12
0, 93984, 32
1, 120706, 2
0, 94016, 32
1, 120708, 2
0, 94048, 64
1, 120710, 10
0, 94112, 32
1, 120720, 2
0, 94144, 32
1, 120722, 4
0, 94176, 64
1, 120726, 4
0, 94240, 32
1, 120730, 2
0, 94272, 96
1, 120732, 14
0, 94368, 32
1, 120746, 2
0, 94400, 32
1, 120748, 12
0, 94432, 64
1, 120760, 2
0, 94496, 128
1, 120762, 8
0, 94624, 32
1, 120770, 2
0, 94656, 32
1, 120772, 12
0, 94688, 64
1, 120784, 2
0, 94752, 64
1, 120786, 10
0, 94816, 64
1, 120796, 14
0, 94880, 32
1, 120810, 2
0, 94912, 96
1, 120812, 12
0, 95008, 64
1, 120824, 12
0, 95072, 32
1, 120836, 2
0, 95104, 96
1, 120838, 12
0, 95200, 32
1, 120850, 2
0, 95232, 96
1, 120852, 12
0, 95328, 32
1, 120864, 2
0, 95360, 96
1, 120866, 10
0, 95456, 64
1, 120876, 2
0, 95520, 32
1, 120878, 2
0, 95552, 32
1, 120880, 10
0, 95584, 64
1, 120890, 12
0, 95648, 32
1, 120902, 2
0, 95680, 32
1, 120904, 10
0, 95712, 64
1, 120914, 2
0, 95776, 32
1, 120916, 2
0, 95808, 32
1, 120918, 12
0, 95840, 32
1, 120930, 2
0, 95872, 96
1, 120932, 8
0, 95968, 32
1, 120940, 2
0, 96000, 32
1, 120942, 14
0, 96032, 64
1, 120956, 2
0, 96096, 64
1, 120958, 8
0, 96160, 64
1, 120966, 2
0, 96224, 64
1, 120968, 12
0, 96288, 32
1, 120980, 2
0, 96320, 32
1, 120982, 12
0, 96352, 64
1, 120994, 2
0, 96416, 64
1, 120996, 10
0, 96480, 64
1, 121006, 14
0, 96544, 32
1, 121020, 2
0, 96576, 96
1, 121022, 12
0, 96672, 64
1, 121034, 12
0, 96736, 64
1, 121046, 14
0, 96800, 32
1, 121060, 2
0, 96832, 32
1, 121062, 10
0, 96864, 64
1, 121072, 14
0, 96928, 32
1, 121086, 2
0, 96960, 32
1, 121088, 12
0, 96992, 64
1, 121100, 2
0, 97056, 64
1, 121102, 10
0, 97120, 64
1, 121112, 14
0, 97184, 32
1, 121126, 2
0, 97216, 96
1, 121128, 12
0, 97312, 32
1, 121140, 2
0, 97344, 32
1, 121142, 8
0, 97376, 64
1, 121150, 16
0, 97440, 64
1, 121166, 10
0, 97504, 32
1, 121176, 2
0, 97536, 32
1, 121178, 12
0, 97568, 64
1, 121190, 14
0, 97632, 64
1, 121204, 2
0, 97696, 64
1, 121206, 10
0, 97760, 64
1, 121216, 2
0, 97824, 64
1, 121218, 12
0, 97888, 64
1, 121230, 2
0, 97952, 64
1, 121232, 12
0, 98016, 64
1, 121244, 12
0, 98080, 32
1, 121256, 2
0, 98112, 96
1, 121258, 12
0, 98208, 32
1, 121270, 2
0, 98240, 96
1, 121272, 10
0, 98336, 32
1, 121282, 2
0, 98368, 96
1, 121284, 12
0, 98464, 64
1, 121296, 14
0, 98528, 32
1, 121310, 2
0, 98560, 96
1, 121312, 10
0, 98656, 32
1, 121322, 2
0, 98688, 96
1, 121324, 12
0, 98784, 32
1, 121336, 2
0, 98816, 32
1, 121338, 10
0, 98848, 64
1, 121348, 12
0, 98912, 64
1, 121360, 2
0, 98976, 128
1, 121362, 14
0, 99104, 32
1, 121376, 2
0, 99136, 96
1, 121378, 8
0, 99232, 32
1, 121386, 2
0, 99264, 96
1, 121388, 12
0, 99360, 32
1, 121400, 2
0, 99392, 96
1, 121402, 12
0, 99488, 32
1, 121414, 2
0, 99520, 96
1, 121416, 10
0, 99616, 64
1, 121426, 14
0, 99680, 32
1, 121440, 2
0, 99712, 96
1, 121442, 10
0, 99808, 64
1, 121452, 14
0, 99872, 32
1, 121466, 2
0, 99904, 32
1, 121468, 8
0, 99936, 64
1, 121476, 4
0, 100000, 32
1, 121480, 2
0, 100032, 32
1, 121482, 10
0, 100064, 64
1, 121492, 14
0, 100128, 32
1, 121506, 2
0, 100160, 96
1, 121508, 12
0, 100256, 32
1, 121520, 2
0, 100288, 32
1, 121522, 10
0, 100320, 64
1, 121532, 2
0, 100384, 64
1, 121534, 12
0, 100448, 64
1, 121546, 12
0, 100512, 64
1, 121558, 12
0, 100576, 32
1, 121570, 2
0, 100608, 96
1, 121572, 14
0, 100704, 32
1, 121586, 2
0, 100736, 32
1, 121588, 8
0, 100768, 64
1, 121596, 12
0, 100832, 32
1, 121608, 2
0, 100864, 96
1, 121610, 14
0, 100960, 64
1, 121624, 12
0, 101024, 32
1, 121636, 2
0, 101056, 32
1, 121638, 12
0, 101088, 64
1, 121650, 2
0, 101152, 64
1, 121652, 10
0, 101216, 64
1, 121662, 2
0, 101280, 64
1, 121664, 12
0, 101344, 32
1, 121676, 2
0, 101376, 32
1, 121678, 12
0, 101408, 64
1, 121690, 12
0, 101472, 32
1, 121702, 2
0, 101504, 32
1, 121704, 10
0, 101536, 64
1, 121714, 2
0, 101600, 32
1, 121716, 2
0, 101632, 32
1, 121718, 24
0, 101664, 32
1, 121742, 2
0, 101696, 32
1, 121744, 12
0, 101728, 64
1, 121756, 2
0, 101792, 64
1, 121758, 10
0, 101856, 64
1, 121768, 12
0, 101920, 32
1, 121780, 2
0, 101952, 32
1, 121782, 24
0, 101984, 64
1, 121806, 2
0, 102048, 64
1, 121808, 24
0, 102112, 64
1, 121832, 14
0, 102176, 32
1, 121846, 2
0, 102208, 32
1, 121848, 12
0, 102240, 32
1, 121860, 2
0, 102272, 32
1, 121862, 10
0, 102304, 36
1, 121872, 159
0, 122031, 1
1, 122031, 1
1, 122030, 1
0, 122031, 1
1, 122031, 1
1, 102344, 19687
0, 122031, 1