0, 140, 596
0, 102340, 2
0, 760, 18
0, 830, 18
0, 918, 18
0, 956, 18
0, 992, 18
0, 1074, 18
0, 1132, 18
0, 1180, 18
0, 1272, 18
0, 1320, 18
0, 1474, 18
0, 1568, 18
0, 1622, 18
0, 1672, 18
0, 1712, 18
0, 1880, 18
0, 1944, 18
0, 2036, 18
1, 102344, 2052
0, 104396, 1
1, 104396, 1
0, 2176, 18
0, 2232, 18
0, 2420, 18
0, 2526, 18
0, 2616, 18
0, 2702, 18
0, 2810, 18
0, 3022, 18
0, 3170, 18
0, 3220, 18
0, 3338, 18
0, 3390, 18
0, 3496, 18
0, 3576, 18
0, 3650, 18
0, 3730, 18
0, 3814, 18
0, 3890, 18
0, 3964, 18
0, 4032, 18
0, 4102, 18
0, 4174, 18
0, 4238, 18
0, 4318, 18
0, 4390, 18
0, 4458, 18
0, 4528, 18
0, 4602, 18
0, 4658, 18
0, 4708, 18
1, 104396, 508
0, 4776, 18
1, 104904, 4
0, 4844, 18
0, 4936, 18
0, 4982, 18
0, 5030, 18
0, 5146, 18
0, 5228, 18
0, 5298, 18
0, 5368, 18
0, 5434, 18
0, 5508, 18
0, 5578, 18
0, 5666, 18
0, 5752, 18
0, 5830, 18
0, 5898, 18
0, 5980, 18
0, 6062, 18
0, 6138, 18
0, 6244, 18
0, 6322, 18
0, 6388, 18
0, 6460, 18
0, 6524, 18
0, 6602, 18
0, 6680, 18
0, 6786, 18
0, 6914, 18
0, 7042, 18
0, 7162, 18
0, 7250, 18
1, 104908, 512
0, 7324, 18
0, 7396, 18
0, 7486, 18
0, 7568, 18
0, 7680, 18
0, 7764, 18
0, 7838, 18
0, 7916, 18
0, 8010, 18
0, 8068, 18
0, 8150, 18
0, 8228, 18
0, 8284, 18
0, 8374, 18
0, 8456, 18
0, 8540, 18
0, 8616, 18
0, 8714, 18
0, 8770, 18
0, 8842, 18
0, 8890, 18
0, 8952, 18
0, 9018, 18
0, 9090, 18
0, 9158, 18
0, 9242, 18
0, 9298, 18
0, 9356, 18
0, 9436, 18
0, 9518, 18
1, 105420, 512
0, 9590, 18
0, 9658, 18
0, 9728, 18
0, 9802, 18
0, 9892, 18
0, 10000, 18
0, 10114, 18
0, 10200, 18
0, 10292, 18
0, 10350, 18
0, 10398, 18
0, 10424, 18
0, 10454, 18
0, 10562, 18
0, 10690, 18
0, 10786, 18
0, 10840, 18
0, 10934, 18
0, 10998, 18
0, 11052, 18
0, 11264, 18
0, 11410, 18
0, 11560, 18
0, 11708, 18
0, 11848, 18
0, 11998, 18
0, 12142, 18
0, 12284, 18
0, 12420, 18
0, 12530, 18
0, 12582, 18
0, 12634, 18
0, 12738, 18
1, 105932, 544
0, 12826, 18
1, 106476, 476
0, 12934, 18
1, 106952, 4
0, 13036, 18
0, 13118, 18
0, 13226, 18
0, 13372, 18
0, 13540, 18
0, 13696, 18
0, 13850, 18
0, 14018, 18
0, 14148, 18
0, 14256, 18
0, 14406, 18
0, 14560, 18
0, 14710, 18
0, 14808, 18
0, 14944, 18
1, 106956, 512
0, 15078, 18
0, 15270, 18
0, 15462, 18
0, 15606, 18
0, 15758, 18
0, 16006, 18
0, 16304, 18
0, 16432, 18
0, 16548, 18
0, 16698, 18
0, 16810, 18
0, 16934, 18
0, 17104, 18
0, 17252, 18
0, 17396, 18
0, 17612, 18
0, 17858, 18
0, 18092, 18
0, 18182, 18
0, 18298, 18
0, 18414, 18
0, 18508, 18
0, 18568, 18
0, 18676, 18
0, 18822, 18
0, 18936, 18
0, 19036, 18
0, 19100, 18
0, 19162, 18
0, 19246, 18
0, 19334, 18
0, 19422, 18
0, 19508, 18
1, 107468, 512
0, 19614, 18
0, 19720, 18
0, 19878, 18
0, 20078, 18
0, 20270, 18
0, 20312, 18
0, 20412, 18
0, 20550, 18
0, 20666, 18
0, 20764, 18
0, 20878, 18
0, 21004, 18
0, 21144, 18
0, 21248, 34
0, 21296, 32
0, 21282, 14
0, 21328, 112
0, 21448, 18
0, 21470, 18
0, 21496, 18
0, 21516, 18
0, 21542, 18
0, 21582, 18
0, 21602, 18
0, 21628, 18
0, 21662, 18
1, 107980, 512
0, 21704, 18
0, 21760, 18
0, 21828, 18
0, 21914, 18
0, 21936, 18
0, 21962, 18
0, 22026, 34
0, 22088, 18
0, 22110, 18
0, 22156, 18
0, 22202, 34
0, 22250, 32
0, 22236, 14
0, 22282, 54
0, 22352, 18
0, 22374, 18
0, 22394, 18
0, 22414, 34
0, 22456, 18
0, 22480, 18
0, 22530, 18
0, 22552, 18
0, 22572, 18
0, 22610, 18
0, 22668, 36
0, 22708, 18
0, 22824, 18
1, 108492, 512
0, 22894, 18
0, 22956, 18
0, 23020, 18
0, 23098, 18
0, 23164, 18
0, 23222, 18
0, 23290, 18
0, 23364, 18
0, 23436, 18
0, 23534, 18
0, 23630, 18
0, 23738, 18
0, 23800, 18
0, 23838, 18
0, 23874, 18
0, 23912, 18
0, 23958, 18
0, 23996, 18
0, 24028, 18
0, 24062, 18
0, 24092, 18
0, 24140, 18
0, 24172, 18
0, 24200, 18
0, 24228, 18
0, 24256, 18
0, 24288, 18
0, 24316, 18
0, 24338, 18
0, 24398, 18
0, 24476, 18
0, 24552, 18
0, 24604, 18
1, 109004, 512
0, 24674, 18
0, 24740, 18
0, 24784, 18
0, 24824, 18
0, 24864, 18
0, 24938, 18
0, 24980, 18
0, 25024, 18
0, 25052, 18
0, 25094, 18
0, 25162, 18
0, 25230, 18
0, 25256, 18
0, 25278, 18
0, 25300, 36
0, 25362, 18
0, 25384, 18
0, 25404, 18
0, 25426, 18
0, 25472, 18
0, 25544, 18
0, 25596, 18
0, 25658, 18
0, 25706, 18
0, 25750, 18
0, 25800, 18
0, 25892, 18
0, 26000, 18
0, 26078, 18
0, 26144, 18
0, 26232, 18
1, 109516, 512
0, 26338, 18
1, 110028, 540
0, 26390, 18
1, 110568, 512
0, 26436, 18
1, 111080, 512
0, 26518, 18
1, 111592, 480
0, 26594, 18
1, 112072, 544
0, 26648, 18
1, 112616, 512
0, 26698, 18
1, 113128, 480
0, 26764, 18
1, 113608, 544
0, 26830, 18
1, 114152, 512
0, 26882, 18
1, 114664, 480
0, 26928, 18
1, 115144, 544
0, 26972, 18
1, 115688, 512
0, 27018, 18
1, 116200, 512
0, 27062, 18
1, 116712, 480
0, 27110, 18
0, 27154, 18
0, 27198, 18
0, 27258, 18
0, 27292, 18
0, 27318, 18
0, 27346, 18
0, 27372, 18
0, 27428, 18
0, 27452, 18
0, 27476, 18
0, 27498, 18
0, 27558, 18
0, 27606, 18
0, 27658, 18
0, 27704, 18
0, 27766, 18
0, 27806, 18
0, 27878, 18
1, 117192, 544
0, 27928, 18
1, 117736, 480
0, 27980, 18
1, 118216, 512
0, 28032, 18
0, 28082, 18
0, 28138, 18
0, 28202, 18
1, 118728, 512
0, 28268, 18
0, 28324, 18
0, 28382, 18
0, 28450, 18
0, 28542, 18
0, 28594, 18
0, 28662, 18
0, 28712, 18
0, 28764, 18
0, 28816, 18
0, 28864, 18
0, 28916, 18
0, 28968, 18
0, 29030, 18
0, 29100, 18
0, 29154, 18
0, 29226, 18
1, 119240, 544
0, 29294, 18
1, 119784, 480
0, 29370, 18
0, 29444, 18
0, 29534, 18
1, 120264, 512
0, 29592, 18
0, 29674, 18
0, 29740, 18
0, 29824, 18
0, 29910, 18
0, 30002, 18
0, 30106, 18
0, 30142, 18
0, 30206, 18
0, 30278, 18
0, 30312, 18
0, 30346, 18
0, 30416, 18
0, 30462, 18
0, 30516, 18
0, 30570, 18
0, 30648, 18
0, 30696, 18
0, 30744, 18
0, 30790, 18
0, 30836, 18
0, 30876, 18
0, 31008, 18
0, 31076, 18
0, 31168, 18
0, 31204, 18
0, 31234, 18
1, 120776, 512
0, 31260, 18
0, 31364, 18
0, 31422, 18
0, 31536, 18
0, 31658, 18
0, 31760, 18
0, 31866, 18
0, 31966, 18
0, 32062, 18
0, 32160, 18
0, 32192, 18
0, 32220, 18
0, 32286, 18
0, 32316, 18
0, 32346, 18
0, 32378, 18
0, 32404, 18
0, 32428, 36
0, 32496, 18
0, 32552, 18
0, 32594, 18
0, 32642, 18
0, 32674, 18
0, 32732, 18
0, 32764, 18
1, 121288, 512
0, 32794, 18
0, 32824, 18
0, 32852, 18
0, 32880, 18
0, 32908, 18
0, 33000, 18
0, 33066, 18
0, 33118, 18
0, 33178, 18
0, 33202, 18
0, 33280, 18
0, 33332, 18
0, 33386, 18
0, 33438, 18
0, 33548, 18
0, 33616, 18
0, 33674, 18
0, 33734, 18
1, 121800, 512
0, 33800, 18
1, 122312, 1024
0, 33838, 18
1, 123336, 512
0, 33892, 18
1, 123848, 544
0, 33972, 18
1, 124392, 480
0, 34032, 18
1, 124872, 544
0, 34090, 18
1, 125416, 512
0, 34138, 18
1, 125928, 480
0, 34196, 18
1, 126408, 544
0, 34220, 18
1, 126952, 512
0, 34258, 18
1, 127464, 512
0, 34282, 18
1, 127976, 480
0, 34304, 18
1, 128456, 544
0, 34326, 18
1, 129000, 512
0, 34374, 18
1, 129512, 480
0, 34406, 18
1, 129992, 512
0, 34500, 18
1, 130504, 544
0, 34604, 18
1, 131048, 480
0, 34692, 18
1, 131528, 544
0, 34772, 18
1, 132072, 512
0, 34842, 18
1, 132584, 512
0, 34942, 18
1, 133096, 480
0, 35034, 18
1, 133576, 544
0, 35134, 18
1, 134120, 512
0, 35190, 18
1, 134632, 480
0, 35292, 18
1, 135112, 512
0, 35372, 18
0, 35462, 18
0, 35586, 18
0, 35694, 18
0, 35812, 18
0, 35900, 18
0, 35996, 18
0, 36102, 18
0, 36242, 18
0, 36322, 18
0, 36512, 18
0, 36662, 18
0, 36740, 18
0, 36836, 18
0, 36908, 18
0, 36982, 18
0, 37054, 18
0, 37102, 18
0, 37130, 18
0, 37194, 18
0, 37238, 18
0, 37278, 18
0, 37332, 18
0, 37370, 18
0, 37412, 18
0, 37434, 18
0, 37456, 36
0, 37498, 18
0, 37572, 18
0, 37596, 18
1, 135624, 544
0, 37618, 18
1, 136168, 512
0, 37642, 18
1, 136680, 480
0, 37664, 18
1, 137160, 544
0, 37688, 18
1, 137704, 512
0, 37708, 18
1, 138216, 480
0, 37732, 18
0, 37758, 18
0, 37784, 18
0, 37810, 18
0, 37868, 18
0, 37898, 18
0, 37932, 18
0, 37956, 18
0, 38060, 18
0, 38142, 18
0, 38226, 18
0, 38336, 18
0, 38418, 18
0, 38476, 18
0, 38554, 18
0, 38646, 18
0, 38754, 18
0, 38848, 18
0, 38932, 18
0, 39034, 18
0, 39112, 18
0, 39170, 18
0, 39218, 18
0, 39264, 18
0, 39310, 18
0, 39358, 18
0, 39422, 18
0, 39472, 18
0, 39530, 18
0, 39582, 18
0, 39638, 18
0, 39692, 18
0, 39752, 18
0, 39806, 18
0, 39868, 18
0, 39894, 18
0, 39948, 18
0, 39976, 18
0, 40016, 18
0, 40068, 18
0, 40114, 18
0, 40168, 18
0, 40216, 18
0, 40242, 36
0, 40312, 18
0, 40362, 18
1, 138696, 512
0, 40412, 18
1, 139208, 544
0, 40494, 18
1, 139752, 512
0, 40548, 18
1, 140264, 480
0, 40618, 18
1, 140744, 544
0, 40658, 18
1, 141288, 512
0, 40684, 18
1, 141800, 512
0, 40706, 18
1, 142312, 480
0, 40732, 18
1, 142792, 512
0, 40756, 18
0, 40776, 18
0, 40810, 18
0, 40908, 18
0, 40938, 36
0, 41020, 18
0, 41044, 34
0, 41136, 18
0, 41170, 34
0, 41246, 18
0, 41270, 18
0, 41312, 18
0, 41342, 18
0, 41404, 18
0, 41448, 18
0, 41522, 18
0, 41576, 18
0, 41620, 18
0, 41670, 18
0, 41720, 18
0, 41758, 18
0, 41798, 18
0, 41822, 18
0, 41892, 18
0, 41918, 18
0, 41942, 18
0, 41966, 18
0, 41988, 18
0, 42010, 18
0, 42032, 34
0, 42100, 18
0, 42120, 18
0, 42186, 18
0, 42244, 18
0, 42270, 18
0, 42294, 18
0, 42342, 18
0, 42376, 18
0, 42440, 18
0, 42492, 18
1, 143304, 544
0, 42596, 18
1, 143848, 512
0, 42652, 18
1, 144360, 480
0, 42742, 18
1, 144840, 544
0, 42826, 18
1, 145384, 512
0, 42894, 18
1, 145896, 480
0, 43032, 18
1, 146376, 544
0, 43142, 18
1, 146920, 512
0, 43186, 18
1, 147432, 480
0, 43208, 18
0, 43278, 18
0, 43302, 18
0, 43322, 34
0, 43384, 18
0, 43410, 18
0, 43432, 18
0, 43454, 18
0, 43474, 18
0, 43520, 18
0, 43544, 18
0, 43570, 18
0, 43620, 18
0, 43644, 34
0, 43698, 34
0, 43756, 18
0, 43794, 18
0, 43830, 18
0, 43864, 18
0, 43920, 36
0, 43988, 18
0, 44020, 18
0, 44040, 18
0, 44072, 18
0, 44124, 18
0, 44174, 18
0, 44236, 18
0, 44270, 18
0, 44310, 18
0, 44368, 18
0, 44390, 18
0, 44440, 18
0, 44464, 18
0, 44524, 18
0, 44552, 18
0, 44586, 18
0, 44616, 18
0, 44644, 18
0, 44688, 18
0, 44750, 18
0, 44786, 18
0, 44808, 18
1, 147912, 544
0, 44856, 18
1, 148456, 512
0, 44920, 18
1, 148968, 480
0, 44950, 18
1, 149448, 544
0, 45006, 18
1, 149992, 512
0, 45036, 18
1, 150504, 480
0, 45056, 18
1, 150984, 544
0, 45074, 18
1, 151528, 512
0, 45106, 18
1, 152040, 480
0, 45126, 18
0, 45162, 18
0, 45218, 18
0, 45238, 34
0, 45324, 18
0, 45398, 18
0, 45420, 34
0, 45488, 36
0, 45548, 18
0, 45598, 34
0, 45726, 18
0, 45788, 18
0, 45822, 18
0, 45850, 18
0, 45902, 18
0, 45944, 18
0, 46040, 18
0, 46100, 18
0, 46170, 18
0, 46218, 18
0, 46272, 18
0, 46320, 18
0, 46374, 18
0, 46398, 18
0, 46448, 18
0, 46476, 18
0, 46532, 18
0, 46566, 18
0, 46594, 18
0, 46650, 18
0, 46740, 18
0, 46816, 18
0, 46894, 18
0, 46970, 18
0, 47084, 18
0, 47136, 18
0, 47170, 18
0, 47212, 18
0, 47236, 18
1, 152520, 544
0, 47254, 16
1, 153064, 480
0, 47342, 18
1, 153544, 544
0, 47370, 18
1, 154088, 512
0, 47392, 18
1, 154600, 480
0, 47410, 16
1, 155080, 544
0, 47484, 18
1, 155624, 512
0, 47540, 18
1, 156136, 512
0, 47612, 18
1, 156648, 480
0, 47682, 18
0, 47730, 18
0, 47780, 18
0, 47828, 18
0, 47880, 18
0, 47924, 18
0, 47978, 18
0, 48024, 18
0, 48088, 18
0, 48108, 18
0, 48128, 52
0, 48208, 18
0, 48228, 18
0, 48262, 18
0, 48298, 18
0, 48346, 18
0, 48366, 34
0, 48414, 32
0, 48400, 14
0, 48446, 2
0, 48466, 18
0, 48504, 36
0, 48594, 18
0, 48652, 18
0, 48714, 18
0, 48768, 18
0, 48826, 18
0, 48882, 18
0, 48954, 18
0, 48976, 18
0, 49026, 18
0, 49048, 18
0, 49090, 18
0, 49176, 18
0, 49226, 18
0, 49266, 18
0, 49292, 18
0, 49362, 18
0, 49412, 18
0, 49460, 18
0, 49538, 18
1, 157128, 544
0, 49606, 18
1, 157672, 480
0, 49648, 18
1, 158152, 544
0, 49668, 18
1, 158696, 512
0, 49690, 18
1, 159208, 480
0, 49708, 16
1, 159688, 544
0, 49784, 18
1, 160232, 512
0, 49840, 18
1, 160744, 480
0, 49900, 18
1, 161224, 512
0, 49954, 18
0, 50012, 18
0, 50070, 18
0, 50144, 18
0, 50174, 18
0, 50236, 18
0, 50278, 18
0, 50342, 34
0, 50444, 18
0, 50510, 18
0, 50578, 18
0, 50630, 18
0, 50676, 18
0, 50732, 18
0, 50752, 18
0, 50828, 18
0, 50864, 34
0, 50954, 18
0, 51020, 18
0, 51078, 18
0, 51128, 18
0, 51160, 18
0, 51182, 18
0, 51246, 18
0, 51270, 18
0, 51292, 18
0, 51316, 18
0, 51338, 18
0, 51364, 18
0, 51386, 18
0, 51410, 18
0, 51430, 18
0, 51452, 18
0, 51472, 18
0, 51542, 18
0, 51566, 18
0, 51586, 18
0, 51608, 18
1, 161736, 512
0, 51628, 18
1, 162248, 544
0, 51692, 18
1, 162792, 512
0, 51736, 18
1, 163304, 480
0, 51760, 18
1, 163784, 544
0, 51784, 18
1, 164328, 512
0, 51806, 18
1, 164840, 480
0, 51824, 18
1, 165320, 544
0, 51846, 18
1, 165864, 480
0, 51888, 18
0, 51924, 18
0, 52012, 18
0, 52092, 18
0, 52182, 18
0, 52252, 18
0, 52336, 18
0, 52384, 18
0, 52436, 18
0, 52482, 18
0, 52538, 18
0, 52584, 18
0, 52610, 36
0, 52684, 18
0, 52710, 18
0, 52746, 18
0, 52776, 18
0, 52838, 18
0, 52866, 18
0, 52906, 18
0, 52960, 18
0, 52984, 18
0, 53010, 18
0, 53030, 18
0, 53118, 18
0, 53142, 18
0, 53200, 18
0, 53260, 18
0, 53298, 36
0, 53398, 18
0, 53446, 18
0, 53500, 18
0, 53614, 18
0, 53676, 18
0, 53732, 18
0, 53754, 36
1, 166344, 512
0, 53820, 18
1, 166856, 544
0, 53850, 18
1, 167400, 512
0, 53882, 18
1, 167912, 480
0, 53928, 18
1, 168392, 544
0, 53946, 16
1, 168936, 512
0, 53962, 54
1, 169448, 480
0, 54036, 18
1, 169928, 544
0, 54062, 18
1, 170472, 480
0, 54090, 18
0, 54126, 18
0, 54148, 18
0, 54170, 36
0, 54222, 18
0, 54268, 18
0, 54310, 18
0, 54346, 18
0, 54368, 18
0, 54422, 18
0, 54472, 18
0, 54520, 18
0, 54544, 18
0, 54608, 18
0, 54652, 18
0, 54706, 18
0, 54740, 18
0, 54770, 18
0, 54806, 18
0, 54848, 18
0, 54916, 18
0, 54986, 18
0, 55042, 18
0, 55112, 18
0, 55186, 18
0, 55210, 18
0, 55244, 18
0, 55266, 18
0, 55304, 18
0, 55358, 18
0, 55434, 18
0, 55464, 34
0, 55552, 52
0, 55644, 18
0, 55694, 18
0, 55718, 18
0, 55788, 18
1, 170952, 544
0, 55836, 18
1, 171496, 480
0, 55912, 18
1, 171976, 544
0, 55942, 18
1, 172520, 512
0, 55972, 18
1, 173032, 480
0, 56028, 18
1, 173512, 512
0, 56144, 18
1, 174024, 544
0, 56278, 18
1, 174568, 512
0, 56364, 18
1, 175080, 480
0, 56450, 18
0, 56476, 18
0, 56502, 18
0, 56572, 18
0, 56626, 18
0, 56702, 18
0, 56774, 18
0, 56844, 18
0, 56950, 18
0, 56978, 18
0, 57066, 18
0, 57100, 18
0, 57180, 18
0, 57238, 18
0, 57292, 18
0, 57360, 18
0, 57406, 18
0, 57476, 18
0, 57562, 18
0, 57614, 18
0, 57668, 18
0, 57700, 18
0, 57732, 18
0, 57790, 18
0, 57828, 18
0, 57878, 18
0, 57930, 18
0, 58048, 18
0, 58128, 18
0, 58202, 18
0, 58276, 18
0, 58338, 18
0, 58442, 18
0, 58506, 18
0, 58570, 18
0, 58632, 18
0, 58694, 18
0, 58758, 18
0, 58842, 18
0, 58892, 18
0, 59050, 18
0, 59284, 18
1, 175560, 544
0, 59394, 18
1, 176104, 512
0, 59524, 18
1, 176616, 480
0, 59660, 18
1, 177096, 544
0, 59786, 18
1, 177640, 512
0, 59896, 18
1, 178152, 480
0, 60022, 18
1, 178632, 544
0, 60148, 18
1, 179176, 512
0, 60256, 18
1, 179688, 480
0, 60342, 18
0, 60404, 18
0, 60494, 18
0, 60648, 18
0, 60736, 18
0, 60822, 18
0, 60918, 18
0, 61016, 18
0, 61070, 18
0, 61148, 18
0, 61234, 18
0, 61308, 18
0, 61376, 18
0, 61514, 18
0, 61714, 18
0, 61846, 18
0, 62066, 18
0, 62308, 18
0, 62464, 18
0, 62632, 18
0, 62788, 18
0, 62880, 18
0, 62912, 18
0, 62942, 18
0, 62962, 18
0, 63050, 18
0, 63078, 18
0, 63102, 18
0, 63126, 18
0, 63156, 18
0, 63204, 18
0, 63228, 34
0, 63336, 18
0, 63394, 18
0, 63448, 18
0, 63500, 18
0, 63560, 18
0, 63596, 18
0, 63628, 18
1, 180168, 544
0, 63652, 18
1, 180712, 480
0, 63710, 18
1, 181192, 544
0, 63796, 18
1, 181736, 512
0, 63846, 18
1, 182248, 480
0, 63970, 18
1, 182728, 512
0, 64120, 18
0, 64276, 18
0, 64438, 18
0, 64648, 18
0, 64826, 18
0, 64976, 18
0, 65116, 18
0, 65270, 18
0, 65478, 18
0, 65666, 18
0, 65798, 18
0, 65874, 18
0, 65978, 18
0, 66064, 18
0, 66146, 18
0, 66206, 18
0, 66288, 18
0, 66380, 18
0, 66444, 18
0, 66500, 18
0, 66616, 18
0, 66704, 18
0, 66804, 18
0, 66880, 18
0, 66954, 18
0, 67028, 18
0, 67142, 18
0, 67236, 18
0, 67342, 18
0, 67438, 18
0, 67510, 18
0, 67584, 18
0, 67676, 18
0, 67774, 18
0, 67876, 18
0, 67960, 18
0, 68086, 18
0, 68172, 18
0, 68256, 18
0, 68332, 18
0, 68392, 18
0, 68444, 18
1, 183240, 544
0, 68532, 18
1, 183784, 480
0, 68608, 18
1, 184264, 544
0, 68726, 18
1, 184808, 512
0, 68802, 18
1, 185320, 480
0, 68872, 18
1, 185800, 544
0, 68940, 18
1, 186344, 512
0, 69024, 18
1, 186856, 480
0, 69096, 18
1, 187336, 512
0, 69132, 18
0, 69170, 18
0, 69210, 18
0, 69250, 18
0, 69334, 18
0, 69408, 18
0, 69486, 18
0, 69560, 18
0, 69664, 18
0, 69730, 18
0, 69796, 18
0, 69892, 18
0, 69962, 18
0, 70058, 18
0, 70168, 18
0, 70274, 18
0, 70372, 18
0, 70430, 18
0, 70476, 18
0, 70574, 18
0, 70664, 18
0, 70714, 18
0, 70760, 18
0, 70804, 18
0, 70878, 18
0, 70960, 18
0, 71040, 18
0, 71122, 18
0, 71174, 18
0, 71222, 18
0, 71286, 18
0, 71386, 18
0, 71476, 18
0, 71564, 18
0, 71646, 18
0, 71730, 18
0, 71818, 18
0, 71902, 18
0, 71992, 18
1, 187848, 512
0, 72074, 18
1, 188360, 512
0, 72154, 18
1, 188872, 544
0, 72260, 18
1, 189416, 512
0, 72332, 18
1, 189928, 480
0, 72408, 18
1, 190408, 544
0, 72468, 18
1, 190952, 512
0, 72542, 18
1, 191464, 512
0, 72626, 18
1, 191976, 480
0, 72700, 18
0, 72784, 18
0, 72860, 18
0, 72924, 18
0, 73026, 18
0, 73100, 18
0, 73174, 18
0, 73266, 18
0, 73364, 18
0, 73438, 18
0, 73528, 18
0, 73618, 18
0, 73726, 18
0, 73786, 18
0, 73866, 18
0, 73932, 18
0, 73992, 18
0, 74060, 18
0, 74194, 18
0, 74304, 18
0, 74414, 18
0, 74552, 18
0, 74672, 18
0, 74756, 18
0, 74824, 18
0, 74964, 18
0, 75106, 18
0, 75244, 18
0, 75328, 18
0, 75380, 18
0, 75430, 18
0, 75492, 18
0, 75598, 18
0, 75726, 18
0, 75818, 18
0, 75946, 18
0, 76046, 18
0, 76126, 18
0, 76218, 18
0, 76284, 18
0, 76426, 18
1, 192456, 544
0, 76568, 18
1, 193000, 512
0, 76700, 18
1, 193512, 480
0, 76802, 18
1, 193992, 544
0, 76886, 18
1, 194536, 512
0, 77012, 18
1, 195048, 512
0, 77130, 18
1, 195560, 480
0, 77234, 18
1, 196040, 544
0, 77338, 18
1, 196584, 480
0, 77444, 18
0, 77532, 18
0, 77604, 18
0, 77694, 18
0, 77786, 18
0, 77874, 18
0, 77968, 18
0, 78092, 18
0, 78188, 18
0, 78272, 18
0, 78346, 18
0, 78400, 18
0, 78454, 18
0, 78534, 18
0, 78630, 18
0, 78738, 18
0, 78860, 18
0, 78964, 18
0, 79048, 18
0, 79100, 18
0, 79152, 18
0, 79210, 18
0, 79264, 18
0, 79322, 18
0, 79382, 18
0, 79436, 18
0, 79488, 18
0, 79540, 18
0, 79614, 18
0, 79728, 18
0, 79806, 18
0, 79862, 18
0, 79920, 18
0, 79976, 18
0, 80030, 18
0, 80084, 18
0, 80138, 18
0, 80186, 18
1, 197064, 512
0, 80274, 18
1, 197576, 544
0, 80316, 18
1, 198120, 512
0, 80358, 18
1, 198632, 480
0, 80398, 18
1, 199112, 544
0, 80446, 18
1, 199656, 480
0, 80486, 18
0, 80528, 18
0, 80560, 18
0, 80588, 18
0, 80620, 18
0, 80654, 18
0, 80684, 18
0, 80786, 18
0, 80832, 18
0, 80924, 18
0, 80990, 18
0, 81064, 18
0, 81108, 18
0, 81152, 18
0, 81198, 18
0, 81268, 18
0, 81310, 18
0, 81370, 18
0, 81420, 18
0, 81518, 18
0, 81566, 18
0, 81666, 18
0, 81754, 18
0, 81806, 18
0, 81948, 18
0, 82028, 18
0, 82086, 18
0, 82132, 18
0, 82186, 18
0, 82216, 18
0, 82240, 18
0, 82264, 18
0, 82290, 18
0, 82324, 18
0, 82452, 18
0, 82542, 18
0, 82634, 18
0, 82684, 18
0, 82728, 18
0, 82778, 18
0, 82822, 18
0, 82872, 18
0, 82916, 18
0, 82964, 18
1, 200136, 544
0, 83012, 18
1, 200680, 480
0, 83038, 18
1, 201160, 544
0, 83176, 18
1, 201704, 512
0, 83378, 18
1, 202216, 512
0, 83488, 18
1, 202728, 480
0, 83552, 18
1, 203208, 544
0, 83610, 18
1, 203752, 512
0, 83646, 18
1, 204264, 480
0, 83680, 18
0, 83716, 18
0, 83752, 18
0, 83788, 18
0, 83824, 18
0, 83860, 18
0, 83892, 18
0, 83962, 18
0, 83982, 18
0, 84044, 18
0, 84130, 18
0, 84206, 18
0, 84272, 18
0, 84370, 18
0, 84440, 18
0, 84516, 18
0, 84582, 18
0, 84664, 18
0, 84734, 18
0, 84802, 18
0, 84894, 18
0, 84962, 18
0, 85028, 18
0, 85096, 18
0, 85192, 18
0, 85272, 18
0, 85368, 18
0, 85480, 18
0, 85580, 18
0, 85694, 18
0, 85818, 18
0, 85888, 18
0, 85950, 18
0, 86006, 18
0, 86052, 18
0, 86126, 18
0, 86148, 18
0, 86192, 18
0, 86214, 18
1, 204744, 544
0, 86242, 18
1, 205288, 480
0, 86310, 18
1, 205768, 544
0, 86350, 18
1, 206312, 512
0, 86370, 18
1, 206824, 512
0, 86406, 18
1, 207336, 480
0, 86438, 18
1, 207816, 544
0, 86468, 18
1, 208360, 512
0, 86498, 18
1, 208872, 480
0, 86558, 18
0, 86628, 18
0, 86692, 18
0, 86758, 18
0, 86822, 18
0, 86892, 18
0, 86960, 18
0, 87038, 18
0, 87096, 18
0, 87298, 18
0, 87352, 18
0, 87402, 18
0, 87446, 18
0, 87488, 18
0, 87528, 18
0, 87572, 18
0, 87636, 18
0, 87694, 18
0, 87744, 18
0, 87796, 18
0, 87848, 18
0, 87926, 18
0, 88000, 18
0, 88078, 18
0, 88120, 18
0, 88160, 18
0, 88242, 18
0, 88304, 18
0, 88358, 18
0, 88422, 18
0, 88478, 18
0, 88558, 18
0, 88612, 18
0, 88664, 18
0, 88710, 18
0, 88756, 18
0, 88800, 18
0, 88854, 18
0, 88912, 18
1, 209352, 512
0, 88964, 18
1, 209864, 544
0, 89032, 18
1, 210408, 480
0, 89110, 18
1, 210888, 544
0, 89186, 18
1, 211432, 512
0, 89262, 18
1, 211944, 480
0, 89336, 18
1, 212424, 544
0, 89376, 18
1, 212968, 512
0, 89410, 18
1, 213480, 480
0, 89446, 18
0, 89482, 18
0, 89546, 18
0, 89612, 18
0, 89672, 18
0, 89734, 18
0, 89796, 18
0, 89866, 18
0, 89932, 18
0, 89994, 18
0, 90056, 18
0, 90114, 18
0, 90210, 18
0, 90298, 18
0, 90380, 18
0, 90470, 18
0, 90724, 18
0, 90792, 18
0, 90838, 18
0, 90928, 18
0, 91004, 18
0, 91092, 18
0, 91168, 18
0, 91234, 18
0, 91302, 18
0, 91382, 18
0, 91428, 18
0, 91476, 18
0, 91568, 18
0, 91664, 18
0, 91752, 18
0, 91852, 18
0, 91932, 18
0, 92008, 16
0, 92098, 18
0, 92262, 18
0, 92382, 18
0, 92504, 18
0, 92620, 18
1, 213960, 512
0, 92736, 18
1, 214472, 544
0, 92858, 18
1, 215016, 480
0, 92998, 18
1, 215496, 544
0, 93118, 18
1, 216040, 512
0, 93236, 18
1, 216552, 480
0, 93360, 18
1, 217032, 544
0, 93474, 18
1, 217576, 512
0, 93604, 18
1, 218088, 480
0, 93720, 18
0, 93838, 18
0, 93958, 18
0, 94086, 18
0, 94224, 18
0, 94338, 18
0, 94480, 18
0, 94578, 18
0, 94680, 18
0, 94776, 18
0, 94876, 18
0, 94976, 18
0, 95082, 18
0, 95214, 18
0, 95326, 18
0, 95424, 18
0, 95522, 18
0, 95610, 18
0, 95716, 18
0, 95824, 18
0, 95924, 18
0, 96022, 18
0, 96134, 18
0, 96234, 18
0, 96330, 18
0, 96418, 18
0, 96516, 18
0, 96606, 18
0, 96670, 18
0, 96730, 18
0, 96792, 18
0, 96884, 18
0, 96974, 18
0, 97074, 18
0, 97174, 18
0, 97244, 18
0, 97292, 18
0, 97352, 18
1, 218568, 512
0, 97416, 18
1, 219080, 544
0, 97502, 18
1, 219624, 512
0, 97628, 18
1, 220136, 480
0, 97744, 18
1, 220616, 544
0, 97864, 18
1, 221160, 480
0, 97976, 18
0, 98100, 18
0, 98210, 18
0, 98320, 18
0, 98430, 18
0, 98546, 18
0, 98636, 18
0, 98718, 18
0, 98814, 18
0, 98966, 18
0, 99114, 18
0, 99244, 18
0, 99360, 18
0, 99462, 18
0, 99552, 18
0, 99652, 18
0, 99758, 18
0, 99836, 18
0, 99952, 18
0, 100034, 18
0, 100118, 18
0, 100224, 18
0, 100308, 18
0, 100394, 18
0, 100476, 18
0, 100564, 18
0, 100652, 18
0, 100740, 18
0, 100820, 18
0, 100908, 18
0, 100988, 18
0, 101072, 18
0, 101222, 18
0, 101308, 18
0, 101374, 18
0, 101442, 18
0, 101518, 34
0, 101590, 18
0, 101712, 18
0, 101780, 18
0, 101830, 18
1, 221640, 512
0, 101884, 18
1, 222152, 544
0, 101960, 18
1, 222696, 512
0, 102010, 18
1, 223208, 480
0, 102070, 18
1, 223688, 544
0, 102132, 18
1, 224232, 512
0, 102170, 18
1, 224744, 480
0, 102224, 18
1, 225224, 1024
0, 102242, 16
0, 102272, 32
0, 102258, 14
0, 102304, 36
1, 102344, 2
1, 226248, 11612
0, 237860, 1
1, 237860, 1
1, 237864, 3108
1, 102344, 3108
0, 105452, 1